mixingrf	reduction	mixingknn	mean_knn_purity	silhouette_score_euclidean	mean_purity_knn_norm	mixingknn_norm	mixingrf_norm	mixing_score	asw_norm	purity_score	method	ndim	features_ngenes	scvi_params	nlayers	max_epochs	dropout_rate
0.941093495136721	scVI_0_100_0.05_4_256_gene_zinb_cov2..scVI..85..RNA.log.vst.split_Batch_ID.features.1000_0e58794e6a09404485260b4bd502d977	0.416473360921902	0.424820005119525	0.0539114324327727	84.08	87.9	90.81	89.355	45.54	84.08	scVI	85	1000	100_0.05_4_256	4	100	0.05
0.941954431666338	scVI_0_100_0.05_4_256_gene_zinb_cov2..scVI..85..RNA.log.vst.split_Batch_ID.features.1250_ca31fd40be3f33ba2a86fe158af137f2	0.41348349686372	0.430420772469754	0.0653134306884187	86.77	87.27	91.37	89.32	57.55	86.77	scVI	85	1250	100_0.05_4_256	4	100	0.05
0.93809182221256	scVI_0_100_0.05_4_256_gene_zinb_cov2..scVI..85..RNA.log.vst.split_Batch_ID.features.1500_1eaa1fab1892f5c42f7952f805fb7db4	0.407675951327972	0.430444116638137	0.0713567267046048	86.79	86.05	88.88	87.465	63.91	86.79	scVI	85	1500	100_0.05_4_256	4	100	0.05
0.936128367729493	scVI_0_100_0.05_4_256_gene_zinb_cov2..scVI..85..RNA.log.vst.split_Batch_ID.features.2000_44576b5bebf2ee79d8b88f4cde3ed605	0.395888677675859	0.434167998502508	0.0798268076430839	88.58	83.56	87.62	85.59	72.84	88.58	scVI	85	2000	100_0.05_4_256	4	100	0.05
0.93493820968334	scVI_0_100_0.05_4_256_gene_zinb_cov2..scVI..85..RNA.log.vst.split_Batch_ID.features.2500_74c150b95e3f42d0270a63be9f817fb8	0.395069619778628	0.432206333073621	0.0809860092065925	87.63	83.39	86.85	85.12	74.06	87.63	scVI	85	2500	100_0.05_4_256	4	100	0.05
0.932550704959605	scVI_0_100_0.05_4_256_gene_zinb_cov2..scVI..85..RNA.log.vst.split_Batch_ID.features.3000_282c8a306cf1a5a6a35a69055cd05702	0.387091268081929	0.426030460320262	0.0777191087874038	84.66	81.7	85.31	83.505	70.62	84.66	scVI	85	3000	100_0.05_4_256	4	100	0.05
0.939619948824347	scVI_0_100_0.05_4_256_gene_zinb_cov2..scVI..85..RNA.log.vst.split_Batch_ID.features.750_8a70bd9575b405d5e6fd24e3dedb57d3	0.41979453485154	0.416494925434789	0.0476933967124478	80.08	88.61	89.86	89.235	38.99	80.08	scVI	85	750	100_0.05_4_256	4	100	0.05
0.946626147796072	scVI_0_100_0.1_2_256_gene_zinb_cov2..scVI..65..RNA.log.vst.split_Batch_ID.features.1000_6e4c1ba8ef54ff455d61329729021f99	0.400115182906239	0.43510759115117	0.0349592010899874	89.03	84.45	94.37	89.41	25.57	89.03	scVI	65	1000	100_0.1_2_256	2	100	0.1
0.947676105460346	scVI_0_100_0.1_2_256_gene_zinb_cov2..scVI..65..RNA.log.vst.split_Batch_ID.features.1250_cf561b0c59476cddf70e38a0067c0007	0.400668373676892	0.438476327239581	0.0384105980185607	90.65	84.57	95.05	89.81	29.21	90.65	scVI	65	1250	100_0.1_2_256	2	100	0.1
0.947111417113878	scVI_0_100_0.1_2_256_gene_zinb_cov2..scVI..65..RNA.log.vst.split_Batch_ID.features.1500_ebc1978a7cad9a004923e7cf9d33e916	0.397944376745288	0.441790887880474	0.044746785054169	92.24	83.99	94.69	89.34	35.88	92.24	scVI	65	1500	100_0.1_2_256	2	100	0.1
0.934088466650854	scVI_0_100_0.01_3_256_gene_zinb_cov2..scVI..110..RNA.log.vst.split_Batch_ID.features.1000_935c0110edf5fde8946d05b280ff1451	0.366866136508424	0.430983137456257	0.0333801204369292	87.04	77.43	86.3	81.865	23.91	87.04	scVI	110	1000	100_0.01_3_256	3	100	0.01
0.935526468327767	scVI_0_100_0.01_3_256_gene_zinb_cov2..scVI..110..RNA.log.vst.split_Batch_ID.features.1250_8a74c04c7eed89cb8568ee3388fa19c2	0.373950058659698	0.436755665247746	0.036160187718664	89.82	78.93	87.23	83.08	26.83	89.82	scVI	110	1250	100_0.01_3_256	3	100	0.01
0.938979650039929	scVI_0_100_0.01_3_256_gene_zinb_cov2..scVI..110..RNA.log.vst.split_Batch_ID.features.1500_893173b250f472d3c7072ef48a94ee33	0.366715376473368	0.437321407926986	0.0408721217133701	90.09	77.4	89.45	83.425	31.8	90.09	scVI	110	1500	100_0.01_3_256	3	100	0.01
0.938245636987859	scVI_0_100_0.01_3_256_gene_zinb_cov2..scVI..110..RNA.log.vst.split_Batch_ID.features.2000_05009543105d39ab3b03a33e3f803857	0.3675344343706	0.443500300557059	0.0446290451725757	93.06	77.58	88.98	83.28	35.76	93.06	scVI	110	2000	100_0.01_3_256	3	100	0.01
0.937077388152124	scVI_0_100_0.01_3_256_gene_zinb_cov2..scVI..110..RNA.log.vst.split_Batch_ID.features.2500_b3771c5dc5bc8d09f447ad3727d68fb1	0.366715376473368	0.446750956026059	0.048611082542281	94.63	77.4	88.23	82.815	39.95	94.63	scVI	110	2500	100_0.01_3_256	3	100	0.01
0.937016007537391	scVI_0_100_0.01_3_256_gene_zinb_cov2..scVI..110..RNA.log.vst.split_Batch_ID.features.3000_490e45991850c279cab673cdbe55480a	0.35804048511341	0.446333564462948	0.0467779112100373	94.43	75.57	88.19	81.88	38.02	94.43	scVI	110	3000	100_0.01_3_256	3	100	0.01
0.936656367926678	scVI_0_100_0.01_3_256_gene_zinb_cov2..scVI..110..RNA.log.vst.split_Batch_ID.features.750_32d9ca59c429586fda49891dfc260a71	0.374484936532584	0.41805545090164	0.0305816101074617	80.83	79.04	87.96	83.5	20.96	80.83	scVI	110	750	100_0.01_3_256	3	100	0.01
0.948113117483754	scVI_0_100_0.1_2_256_gene_zinb_cov2..scVI..65..RNA.log.vst.split_Batch_ID.features.2000_07dd22c03ac731f0115485fc9441dbbe	0.395069619778628	0.446469855383868	0.0467200268155949	94.49	83.39	95.33	89.36	37.96	94.49	scVI	65	2000	100_0.1_2_256	2	100	0.1
0.946348717904641	scVI_0_100_0.1_2_256_gene_zinb_cov2..scVI..65..RNA.log.vst.split_Batch_ID.features.2500_2cb5a8a4a35544e24ec9729c2e52387e	0.387091268081929	0.449202473279407	0.0487717502179789	95.81	81.7	94.2	87.95	40.12	95.81	scVI	65	2500	100_0.1_2_256	2	100	0.1
0.944443085147844	scVI_0_100_0.1_2_256_gene_zinb_cov2..scVI..65..RNA.log.vst.split_Batch_ID.features.3000_8fa133d52301bf82c93c7738462d90c4	0.377359693499245	0.451149725764343	0.046956716558684	96.74	79.65	92.97	86.31	38.21	96.74	scVI	65	3000	100_0.1_2_256	2	100	0.1
0.945797978685569	scVI_0_100_0.1_2_256_gene_zinb_cov2..scVI..65..RNA.log.vst.split_Batch_ID.features.750_478fc25a8efc91e41f3307bee1d90894	0.397944376745288	0.4266358662452	0.0316111546546712	84.95	83.99	93.84	88.915	22.04	84.95	scVI	65	750	100_0.1_2_256	2	100	0.1
0.942455181547132	scVI_0_150_0.01_4_256_gene_zinb_cov2..scVI..110..RNA.log.vst.split_Batch_ID.features.1000_9b7b08290f11d022c8e6b36e6b861cbe	0.428469426211499	0.421446515019807	0.0389370199650821	82.46	90.44	91.69	91.065	29.76	82.46	scVI	110	1000	150_0.01_4_256	4	150	0.01
0.943775461604993	scVI_0_150_0.01_4_256_gene_zinb_cov2..scVI..110..RNA.log.vst.split_Batch_ID.features.1250_4e3224397c7da3de82030ae56e0efc8a	0.424242920981118	0.426799554600209	0.0470296836267338	85.03	89.54	92.54	91.04	38.29	85.03	scVI	110	1250	150_0.01_4_256	4	150	0.01
0.943251048997484	scVI_0_150_0.01_4_256_gene_zinb_cov2..scVI..110..RNA.log.vst.split_Batch_ID.features.1500_113d1c6bb2a6463d3eb5c2320670a284	0.41979453485154	0.428491677819483	0.050716166226574	85.85	88.61	92.2	90.405	42.17	85.85	scVI	110	1500	150_0.01_4_256	4	150	0.01
0.943198693051833	scVI_0_150_0.01_4_256_gene_zinb_cov2..scVI..110..RNA.log.vst.split_Batch_ID.features.2000_7ebae7968a925c87c0710b3d4e24504e	0.407884742965455	0.43020214622624	0.0548608974620966	86.67	86.09	92.17	89.13	46.54	86.67	scVI	110	2000	150_0.01_4_256	4	150	0.01
0.940137662818115	scVI_0_150_0.01_4_256_gene_zinb_cov2..scVI..110..RNA.log.vst.split_Batch_ID.features.2500_93b94262bb87b3676bab5c65ef3dd1a5	0.403658237735075	0.429576006421715	0.0588112627991189	86.37	85.2	90.2	87.7	50.7	86.37	scVI	110	2500	150_0.01_4_256	4	150	0.01
0.940589717382215	scVI_0_150_0.01_4_256_gene_zinb_cov2..scVI..110..RNA.log.vst.split_Batch_ID.features.750_c02486877d0a3bca90e416bd7cd0dd56	0.424840097979152	0.413937070913763	0.0335969998118149	78.85	89.67	90.49	90.08	24.13	78.85	scVI	110	750	150_0.01_4_256	4	150	0.01
0.947132620125593	scVI_0_150_0.05_2_256_gene_zinb_cov2..scVI..85..RNA.log.vst.split_Batch_ID.features.750_075a5d6f25b865cb695f29260e13895a	0.407675951327972	0.423756811141804	0.0226946828911315	83.57	86.05	94.7	90.375	12.65	83.57	scVI	85	750	150_0.05_2_256	2	150	0.05
0.945095778229496	scVI_0_150_0.05_3_256_gene_zinb_cov2..scVI..65..RNA.log.vst.split_Batch_ID.features.1000_c30a09b83fdc4528f49b6301ad0fc0bf	0.42928848410873	0.428661459559207	0.0423959056571252	85.93	90.61	93.39	92	33.4	85.93	scVI	65	1000	150_0.05_3_256	3	150	0.05
0.946283001426474	scVI_0_150_0.05_3_256_gene_zinb_cov2..scVI..65..RNA.log.vst.split_Batch_ID.features.1250_7606c64438e90a24c7bbd5bd5ffdb4dd	0.428469426211499	0.43464750143172	0.0450368345913297	88.81	90.44	94.15	92.295	36.19	88.81	scVI	65	1250	150_0.05_3_256	3	150	0.05
0.947763842908925	scVI_0_150_0.05_3_256_gene_zinb_cov2..scVI..65..RNA.log.vst.split_Batch_ID.features.1500_daed41345a5e75118097115c58ea3c2c	0.41979453485154	0.437985489860201	0.0495959789202582	90.41	88.61	95.11	91.86	40.99	90.41	scVI	65	1500	150_0.05_3_256	3	150	0.05
0.947545526282426	scVI_0_150_0.05_3_256_gene_zinb_cov2..scVI..65..RNA.log.vst.split_Batch_ID.features.2000_fa2011f3f47ea7202c10fa4d69e7760c	0.41348349686372	0.437371736750125	0.0543235853183531	90.12	87.27	94.97	91.12	45.97	90.12	scVI	65	2000	150_0.05_3_256	3	150	0.05
0.946319659731125	scVI_0_150_0.05_3_256_gene_zinb_cov2..scVI..65..RNA.log.vst.split_Batch_ID.features.2500_b2ef92ca97bb86cdd33360efcabe7e9a	0.405713936804504	0.442113071195761	0.056761803142156	92.4	85.63	94.18	89.905	48.54	92.4	scVI	65	2500	150_0.05_3_256	3	150	0.05
0.944732445271522	scVI_0_150_0.05_3_256_gene_zinb_cov2..scVI..65..RNA.log.vst.split_Batch_ID.features.3000_190efa33974866df4668ef7255ff0077	0.400668373676892	0.437346637129402	0.0594281907861622	90.1	84.57	93.15	88.86	51.35	90.1	scVI	65	3000	150_0.05_3_256	3	150	0.05
0.940940758197341	scVI_0_150_0.05_3_256_gene_zinb_cov2..scVI..65..RNA.log.vst.split_Batch_ID.features.750_8bb3fe13955035fd15dc5c44f7134a24	0.435361896771056	0.418689206151396	0.0366369074857168	81.13	91.89	90.71	91.3	27.34	81.13	scVI	65	750	150_0.05_3_256	3	150	0.05
0.948958113911966	scVI_0_150_0.1_2_256_gene_zinb_cov2..scVI..65..RNA.log.vst.split_Batch_ID.features.1000_baebf19831d6104d070041ace9b267d1	0.423574623118943	0.433290650008682	0.0348031959203102	88.15	89.4	95.87	92.635	25.41	88.15	scVI	65	1000	150_0.1_2_256	2	150	0.1
0.942134900965894	scVI_0_150_0.01_4_256_gene_zinb_cov2..scVI..85..RNA.log.vst.split_Batch_ID.features.1000_6c07a6171982bf2e2cb5c21e9dfdb8d0	0.420225207388221	0.419606030049021	0.0421550950008127	81.57	88.7	91.48	90.09	33.15	81.57	scVI	85	1000	150_0.01_4_256	4	150	0.01
0.942821824336623	scVI_0_150_0.01_4_256_gene_zinb_cov2..scVI..85..RNA.log.vst.split_Batch_ID.features.1250_0d8d4c2180f27123db0061d062087713	0.424840097979152	0.425948222386152	0.043127219348982	84.62	89.67	91.93	90.8	34.17	84.62	scVI	85	1250	150_0.01_4_256	4	150	0.01
0.943697040952087	scVI_0_150_0.01_4_256_gene_zinb_cov2..scVI..85..RNA.log.vst.split_Batch_ID.features.1500_f903ffcfc362ceb68ede7dcb2e045cac	0.416473360921902	0.430495740209623	0.0451325644986666	86.81	87.9	92.49	90.195	36.29	86.81	scVI	85	1500	150_0.01_4_256	4	150	0.01
0.943004248959879	scVI_0_150_0.01_4_256_gene_zinb_cov2..scVI..85..RNA.log.vst.split_Batch_ID.features.2000_0e6a07fad1cde47705f20aa646126472	0.407675951327972	0.429956521934341	0.050244910882464	86.55	86.05	92.04	89.045	41.67	86.55	scVI	85	2000	150_0.01_4_256	4	150	0.01
0.9409485220207	scVI_0_150_0.01_4_256_gene_zinb_cov2..scVI..85..RNA.log.vst.split_Batch_ID.features.2500_610c9845288b16b6063091d459bfb968	0.397944376745288	0.432456744461488	0.0574257125853129	87.75	83.99	90.72	87.355	49.24	87.75	scVI	85	2500	150_0.01_4_256	4	150	0.01
0.937458982419067	scVI_0_150_0.01_4_256_gene_zinb_cov2..scVI..85..RNA.log.vst.split_Batch_ID.features.3000_8f9926fec530f21a397d2a1873e5be8a	0.394192530278969	0.430820592694456	0.0610161739146942	86.97	83.2	88.47	85.835	53.02	86.97	scVI	85	3000	150_0.01_4_256	4	150	0.01
0.939704527399024	scVI_0_150_0.01_4_256_gene_zinb_cov2..scVI..85..RNA.log.vst.split_Batch_ID.features.750_3862cb8495fc3c23ead9fb4553b29fd3	0.424242920981118	0.415459542325703	0.0343938752828135	79.58	89.54	89.92	89.73	24.97	79.58	scVI	85	750	150_0.01_4_256	4	150	0.01
0.949117283421888	scVI_0_150_0.05_2_256_gene_zinb_cov2..scVI..110..RNA.log.vst.split_Batch_ID.features.1000_3219e73dedd9c863be87d3e1ceafe0f8	0.407007653465796	0.431692783073087	0.0266169770307669	87.39	85.91	95.98	90.945	16.78	87.39	scVI	110	1000	150_0.05_2_256	2	150	0.05
0.948379324745248	scVI_0_150_0.05_2_256_gene_zinb_cov2..scVI..110..RNA.log.vst.split_Batch_ID.features.1250_9326cd3fea14a4d76cec11a987cff46f	0.407675951327972	0.436422467357901	0.0228946845330563	89.66	86.05	95.5	90.775	12.86	89.66	scVI	110	1250	150_0.05_2_256	2	150	0.05
0.951410693502139	scVI_0_150_0.05_2_256_gene_zinb_cov2..scVI..110..RNA.log.vst.split_Batch_ID.features.1500_61f60e909944e6914db31354d5b236cf	0.407675951327972	0.438071023498658	0.0310068274047827	90.45	86.05	97.45	91.75	21.41	90.45	scVI	110	1500	150_0.05_2_256	2	150	0.05
0.952195744219184	scVI_0_150_0.05_2_256_gene_zinb_cov2..scVI..110..RNA.log.vst.split_Batch_ID.features.2000_71ac1c5bf121f76b9f459c6110d0fb50	0.407884742965455	0.443261483389021	0.0330544882204372	92.95	86.09	97.96	92.025	23.56	92.95	scVI	110	2000	150_0.05_2_256	2	150	0.05
0.952708994602396	scVI_0_150_0.05_2_256_gene_zinb_cov2..scVI..110..RNA.log.vst.split_Batch_ID.features.2500_bfbb6e43676ae16b5b8bf6f8b3ea1a34	0.407007653465796	0.448910483431579	0.0349683228108154	95.67	85.91	98.29	92.1	25.58	95.67	scVI	110	2500	150_0.05_2_256	2	150	0.05
0.948652223676589	scVI_0_150_0.05_2_256_gene_zinb_cov2..scVI..110..RNA.log.vst.split_Batch_ID.features.3000_faf565bad8dc7b9a216d8379c023a048	0.395069619778628	0.44557279890277	0.0368773945401169	94.06	83.39	95.68	89.535	27.59	94.06	scVI	110	3000	150_0.05_2_256	2	150	0.05
0.945454974865834	scVI_0_150_0.05_2_256_gene_zinb_cov2..scVI..110..RNA.log.vst.split_Batch_ID.features.750_a8ce3428971d4bc7343f3711fb15ab63	0.405713936804504	0.427412293992968	0.0217181378811555	85.33	85.63	93.62	89.625	11.62	85.33	scVI	110	750	150_0.05_2_256	2	150	0.05
0.947200194952233	scVI_0_150_0.05_2_256_gene_zinb_cov2..scVI..85..RNA.log.vst.split_Batch_ID.features.1000_bdf59e5b25566ed8d94b3198ddee85b6	0.407675951327972	0.430731846236993	0.0254173157265545	86.92	86.05	94.74	90.395	15.52	86.92	scVI	85	1000	150_0.05_2_256	2	150	0.05
0.948692597174205	scVI_0_150_0.05_2_256_gene_zinb_cov2..scVI..85..RNA.log.vst.split_Batch_ID.features.1250_e85f549cf2dbe3743f6ac7739ad25ea4	0.407884742965455	0.437359972649945	0.0277022696867275	90.11	86.09	95.7	90.895	17.92	90.11	scVI	85	1250	150_0.05_2_256	2	150	0.05
0.947958550824034	scVI_0_150_0.05_2_256_gene_zinb_cov2..scVI..85..RNA.log.vst.split_Batch_ID.features.1500_fd1b071562edbea1404d90745ecc8f64	0.402796892661712	0.439333134891441	0.0301229800868348	91.06	85.02	95.23	90.125	20.47	91.06	scVI	85	1500	150_0.05_2_256	2	150	0.05
0.950233684468167	scVI_0_150_0.05_2_256_gene_zinb_cov2..scVI..85..RNA.log.vst.split_Batch_ID.features.2000_29636c85da3fa9cd2235a9d6f9320d76	0.407007653465796	0.442479255078024	0.0351472768328683	92.57	85.91	96.7	91.305	25.77	92.57	scVI	85	2000	150_0.05_2_256	2	150	0.05
0.947193480289535	scVI_0_150_0.05_2_256_gene_zinb_cov2..scVI..85..RNA.log.vst.split_Batch_ID.features.2500_554e87431d635e8cb41ab99320f7ae29	0.402796892661712	0.446969982664856	0.0385725971310714	94.73	85.02	94.74	89.88	29.38	94.73	scVI	85	2500	150_0.05_2_256	2	150	0.05
0.94661021797267	scVI_0_150_0.05_2_256_gene_zinb_cov2..scVI..85..RNA.log.vst.split_Batch_ID.features.3000_8386cb3e190adadbf84f1ce9fe95266a	0.395888677675859	0.447456006270566	0.0410681006095875	94.97	83.56	94.36	88.96	32.01	94.97	scVI	85	3000	150_0.05_2_256	2	150	0.05
0.943232594036252	scVI_0_150_0.1_3_256_gene_zinb_cov2..scVI..110..RNA.log.vst.split_Batch_ID.features.3000_8f9884a0bd910b2b8cc3fb527a22618e	0.405713936804504	0.435463229167368	0.0751054050156165	89.2	85.63	92.19	88.91	67.86	89.2	scVI	110	3000	150_0.1_3_256	3	150	0.1
0.948371728535288	scVI_0_150_0.1_3_256_gene_zinb_cov2..scVI..110..RNA.log.vst.split_Batch_ID.features.750_7399f7e3a714b46c9b4c9d88d24b8c2a	0.445424781225195	0.423366043608425	0.0426162523680909	83.38	94.02	95.5	94.76	33.64	83.38	scVI	110	750	150_0.1_3_256	3	150	0.1
0.947245546424275	scVI_0_150_0.1_3_256_gene_zinb_cov2..scVI..65..RNA.log.vst.split_Batch_ID.features.1000_ef4379f83ebc48655731b8baf6bc536b	0.440809890634265	0.427960133642866	0.051252604070793	85.59	93.04	94.77	93.905	42.73	85.59	scVI	65	1000	150_0.1_3_256	3	150	0.1
0.946718953120351	scVI_0_150_0.1_3_256_gene_zinb_cov2..scVI..65..RNA.log.vst.split_Batch_ID.features.1250_8b4969476a2ea65fc8d9a68c28bd95c2	0.436196699094583	0.432626591069957	0.0596967074267618	87.83	92.07	94.43	93.25	51.63	87.83	scVI	65	1250	150_0.1_3_256	3	150	0.1
0.947005072685595	scVI_0_150_0.1_3_256_gene_zinb_cov2..scVI..65..RNA.log.vst.split_Batch_ID.features.1500_09823847361175983c0ba2ec5ec7ef63	0.426298620050547	0.437266495082175	0.0647961620919138	90.07	89.98	94.62	92.3	57	90.07	scVI	65	1500	150_0.1_3_256	3	150	0.1
0.947521348897613	scVI_0_150_0.1_3_256_gene_zinb_cov2..scVI..65..RNA.log.vst.split_Batch_ID.features.2000_ad1b955ede7cf5478c1c01731d55df4a	0.41979453485154	0.434621436391843	0.0701505175146454	88.79	88.61	94.95	91.78	62.64	88.79	scVI	65	2000	150_0.1_3_256	3	150	0.1
0.944925711618621	scVI_0_150_0.1_3_256_gene_zinb_cov2..scVI..65..RNA.log.vst.split_Batch_ID.features.2500_b66d662bb4203363e65200c1b260dbb6	0.408273128326005	0.438289943106976	0.0723070292680645	90.56	86.17	93.28	89.725	64.92	90.56	scVI	65	2500	150_0.1_3_256	3	150	0.1
0.942953517103986	scVI_0_150_0.1_3_256_gene_zinb_cov2..scVI..65..RNA.log.vst.split_Batch_ID.features.3000_b5b73200e1de477a7dc7bb7e4ce32f5c	0.400668373676892	0.436266707203174	0.0750505240371014	89.59	84.57	92.01	88.29	67.81	89.59	scVI	65	3000	150_0.1_3_256	3	150	0.1
0.94635630208848	scVI_0_150_0.1_3_256_gene_zinb_cov2..scVI..65..RNA.log.vst.split_Batch_ID.features.750_5f2faa9fb846a79f3907ead5b8fe45f9	0.449054109457542	0.423678353174036	0.0450835868556471	83.53	94.78	94.2	94.49	36.24	83.53	scVI	65	750	150_0.1_3_256	3	150	0.1
0.944229772697986	scVI_0_200_0.01_2_256_gene_zinb_cov2..scVI..110..RNA.log.vst.split_Batch_ID.features.1000_9196bad3fb0a6ab8d68cea3dd2d9891a	0.407884742965455	0.431267096560481	0.0123112865711923	87.18	86.09	92.83	89.46	1.71	87.18	scVI	110	1000	200_0.01_2_256	2	200	0.01
0.949056503712618	scVI_0_150_0.1_2_256_gene_zinb_cov2..scVI..65..RNA.log.vst.split_Batch_ID.features.1250_c27f27c0df3f785f87235586432044bd	0.420225207388221	0.439031201962746	0.0378370181468064	90.92	88.7	95.94	92.32	28.6	90.92	scVI	65	1250	150_0.1_2_256	2	150	0.1
0.950721925335982	scVI_0_150_0.1_2_256_gene_zinb_cov2..scVI..65..RNA.log.vst.split_Batch_ID.features.1500_0477fa8231fe4f2b6335009b37a168d5	0.415805063059727	0.440827850419826	0.0396604360321404	91.78	87.76	97.01	92.385	30.52	91.78	scVI	65	1500	150_0.1_2_256	2	150	0.1
0.949477962299641	scVI_0_150_0.1_2_256_gene_zinb_cov2..scVI..65..RNA.log.vst.split_Batch_ID.features.2000_14565dba4c3077b664d22ea1af39fb3f	0.408273128326005	0.444551676354266	0.0463182112901786	93.57	86.17	96.21	91.19	37.54	93.57	scVI	65	2000	150_0.1_2_256	2	150	0.1
0.949655074865127	scVI_0_150_0.1_2_256_gene_zinb_cov2..scVI..65..RNA.log.vst.split_Batch_ID.features.2500_16999e0ebf7a4003570167be2cb8dc27	0.402796892661712	0.449183367697449	0.046684767695171	95.8	85.02	96.32	90.67	37.92	95.8	scVI	65	2500	150_0.1_2_256	2	150	0.1
0.948063964007022	scVI_0_150_0.1_2_256_gene_zinb_cov2..scVI..65..RNA.log.vst.split_Batch_ID.features.750_3f2c9509eaa5c88e40ab9c410c8b2b9b	0.41979453485154	0.426957035248838	0.0316554750183028	85.11	88.61	95.3	91.955	22.09	85.11	scVI	65	750	150_0.1_2_256	2	150	0.1
0.949437358088114	scVI_0_150_0.1_3_256_gene_zinb_cov2..scVI..110..RNA.log.vst.split_Batch_ID.features.1000_48a1bca2267d62011aef92dd0964318e	0.440809890634265	0.427479642486518	0.0533000051876704	85.36	93.04	96.18	94.61	44.89	85.36	scVI	110	1000	150_0.1_3_256	3	150	0.1
0.949826041555449	scVI_0_150_0.1_3_256_gene_zinb_cov2..scVI..110..RNA.log.vst.split_Batch_ID.features.1250_b0f9c21b15e242acf15fe7b4953e6ccc	0.431344183178159	0.436090841948388	0.0585200200768945	89.5	91.04	96.43	93.735	50.39	89.5	scVI	110	1250	150_0.1_3_256	3	150	0.1
0.949855351300653	scVI_0_150_0.1_3_256_gene_zinb_cov2..scVI..110..RNA.log.vst.split_Batch_ID.features.1500_bf64cd75498dec85eba8b74aa797c1c0	0.42928848410873	0.438313248328826	0.0656764450262104	90.57	90.61	96.45	93.53	57.93	90.57	scVI	110	1500	150_0.1_3_256	3	150	0.1
0.947046611705087	scVI_0_150_0.1_3_256_gene_zinb_cov2..scVI..110..RNA.log.vst.split_Batch_ID.features.2000_d55465c2b9d92117fe8f5e655b563a8e	0.41979453485154	0.438461880249137	0.0721960628357394	90.64	88.61	94.64	91.625	64.8	90.64	scVI	110	2000	150_0.1_3_256	3	150	0.1
0.944695819294743	scVI_0_150_0.1_3_256_gene_zinb_cov2..scVI..110..RNA.log.vst.split_Batch_ID.features.2500_1c4bf1bf3bbb9fae0d2b76e1d50ef032	0.407884742965455	0.437856638578255	0.0734801447105347	90.35	86.09	93.13	89.61	66.15	90.35	scVI	110	2500	150_0.1_3_256	3	150	0.1
0.947109681108429	scVI_0_200_0.01_4_256_gene_zinb_cov2..scVI..85..RNA.log.vst.split_Batch_ID.features.1000_f39ee9d8433119f1d1a0326f8360cb6d	0.451928866424202	0.417369148227358	0.0387002182085169	80.5	95.39	94.69	95.04	29.51	80.5	scVI	85	1000	200_0.01_4_256	4	200	0.01
0.948500621937097	scVI_0_200_0.01_4_256_gene_zinb_cov2..scVI..85..RNA.log.vst.split_Batch_ID.features.1250_7eae6c3d05ae8568e199387f9825b721	0.448414645283378	0.42352402549331	0.0416675023155836	83.46	94.65	95.58	95.115	32.64	83.46	scVI	85	1250	200_0.01_4_256	4	200	0.01
0.94898496132348	scVI_0_200_0.01_4_256_gene_zinb_cov2..scVI..85..RNA.log.vst.split_Batch_ID.features.1500_767593cb2950dc418292cacdce377931	0.444159306364986	0.424747173445745	0.0419918818632079	84.05	93.75	95.89	94.82	32.98	84.05	scVI	85	1500	200_0.01_4_256	4	200	0.01
0.948612096236118	scVI_0_200_0.01_4_256_gene_zinb_cov2..scVI..85..RNA.log.vst.split_Batch_ID.features.2000_bee195a5103015e96cdbddb7f219a84c	0.434068180109763	0.426071417201032	0.0511027077661284	84.68	91.62	95.65	93.635	42.58	84.68	scVI	85	2000	200_0.01_4_256	4	200	0.01
0.94675967349184	scVI_0_200_0.01_4_256_gene_zinb_cov2..scVI..85..RNA.log.vst.split_Batch_ID.features.2500_c781867e4e43bf3d16eacf7019714391	0.421253056922936	0.42815954355299	0.0588667986322279	85.69	88.91	94.46	91.685	50.76	85.69	scVI	85	2500	200_0.01_4_256	4	200	0.01
0.94592958710851	scVI_0_200_0.01_2_256_gene_zinb_cov2..scVI..85..RNA.log.vst.split_Batch_ID.features.2500_bd4e7934997a2cea3019bebe92cf6d37	0.407884742965455	0.44513847668684	0.0330284518628242	93.85	86.09	93.93	90.01	23.54	93.85	scVI	85	2500	200_0.01_2_256	2	200	0.01
0.945911757550924	scVI_0_200_0.01_2_256_gene_zinb_cov2..scVI..85..RNA.log.vst.split_Batch_ID.features.3000_2019c25db3f3c67cf6539e545d8249c7	0.403658237735075	0.447187592144676	0.0351742683589388	94.84	85.2	93.91	89.555	25.8	94.84	scVI	85	3000	200_0.01_2_256	2	200	0.01
0.944168908035684	scVI_0_200_0.01_2_256_gene_zinb_cov2..scVI..85..RNA.log.vst.split_Batch_ID.features.750_3f827016c9e4c8a43b418ac8e70d0238	0.424242920981118	0.419979827620388	0.0158068539569108	81.75	89.54	92.79	91.165	5.39	81.75	scVI	85	750	200_0.01_2_256	2	200	0.01
0.948247794771211	scVI_0_200_0.01_3_256_gene_zinb_cov2..scVI..110..RNA.log.vst.split_Batch_ID.features.1000_1a8d3507cee07bb474fe06788d36b27e	0.440379218097584	0.424036895922614	0.0281027586425603	83.7	92.95	95.42	94.185	18.35	83.7	scVI	110	1000	200_0.01_3_256	3	200	0.01
0.948805477765379	scVI_0_200_0.01_3_256_gene_zinb_cov2..scVI..110..RNA.log.vst.split_Batch_ID.features.1250_605ffc6aabd3d8ab64c91765a0c760a6	0.439113743237375	0.431157294419085	0.030974834579334	87.13	92.68	95.78	94.23	21.37	87.13	scVI	110	1250	200_0.01_3_256	3	200	0.01
0.95047247232766	scVI_0_200_0.01_3_256_gene_zinb_cov2..scVI..110..RNA.log.vst.split_Batch_ID.features.1500_5f6efdd43234691fb56b11c2094b0e6b	0.428469426211499	0.432787866126485	0.0339943267403537	87.91	90.44	96.85	93.645	24.55	87.91	scVI	110	1500	200_0.01_3_256	3	200	0.01
0.947831956953957	scVI_0_200_0.01_3_256_gene_zinb_cov2..scVI..110..RNA.log.vst.split_Batch_ID.features.750_609b5cc1aff43c1d9b4b95c3ef9fc918	0.456974429551814	0.410184637802126	0.0241934531516436	77.04	96.45	95.15	95.8	14.23	77.04	scVI	110	750	200_0.01_3_256	3	200	0.01
0.94504788461692	scVI_0_200_0.01_2_256_gene_zinb_cov2..scVI..110..RNA.log.vst.split_Batch_ID.features.1250_03c10730a4b1685057ad0314b7f86cf4	0.405713936804504	0.432765177163712	0.0151735365302241	87.9	85.63	93.36	89.495	4.73	87.9	scVI	110	1250	200_0.01_2_256	2	200	0.01
0.947066081054109	scVI_0_200_0.01_2_256_gene_zinb_cov2..scVI..110..RNA.log.vst.split_Batch_ID.features.1500_55709964935345e204bf97faa19c2435	0.402796892661712	0.431910286081016	0.0126100498308839	87.49	85.02	94.66	89.84	2.02	87.49	scVI	110	1500	200_0.01_2_256	2	200	0.01
0.948049431309839	scVI_0_200_0.01_2_256_gene_zinb_cov2..scVI..110..RNA.log.vst.split_Batch_ID.features.2000_5e31aa323c46e0fb15d6f94afc210cce	0.407675951327972	0.43581822955695	0.0206072681745971	89.37	86.05	95.29	90.67	10.45	89.37	scVI	110	2000	200_0.01_2_256	2	200	0.01
0.949376518323957	scVI_0_200_0.01_2_256_gene_zinb_cov2..scVI..110..RNA.log.vst.split_Batch_ID.features.2500_8bbdcc7a929382647279eed5b3816f2b	0.408273128326005	0.442769553282086	0.0211926319589625	92.71	86.17	96.14	91.155	11.07	92.71	scVI	110	2500	200_0.01_2_256	2	200	0.01
0.948611197427849	scVI_0_200_0.01_2_256_gene_zinb_cov2..scVI..110..RNA.log.vst.split_Batch_ID.features.3000_8082dea406acee2a723d41906762ccd0	0.403658237735075	0.44176366768457	0.0263664803868564	92.23	85.2	95.65	90.425	16.52	92.23	scVI	110	3000	200_0.01_2_256	2	200	0.01
0.944634701594496	scVI_0_200_0.01_2_256_gene_zinb_cov2..scVI..110..RNA.log.vst.split_Batch_ID.features.750_14f212f5deabaeea7cc9a54c15d57dd4	0.415805063059727	0.425093153004634	0.0106882515029743	84.21	87.76	93.09	90.425	0	84.21	scVI	110	750	200_0.01_2_256	2	200	0.01
0.944994116013045	scVI_0_200_0.01_2_256_gene_zinb_cov2..scVI..85..RNA.log.vst.split_Batch_ID.features.1000_e14cdd5d64d5cb8b901615ce07334d54	0.424242920981118	0.427624657336971	0.0193534433900966	85.43	89.54	93.32	91.43	9.13	85.43	scVI	85	1000	200_0.01_2_256	2	200	0.01
0.944513008967874	scVI_0_200_0.01_2_256_gene_zinb_cov2..scVI..85..RNA.log.vst.split_Batch_ID.features.1250_2768273c461d11ce220b3c47d3a9de5b	0.41979453485154	0.431379474158066	0.0228756587678564	87.23	88.61	93.01	90.81	12.84	87.23	scVI	85	1250	200_0.01_2_256	2	200	0.01
0.945347802826867	scVI_0_200_0.01_2_256_gene_zinb_cov2..scVI..85..RNA.log.vst.split_Batch_ID.features.1500_c06f06577de83ece623333a5d2c29351	0.41348349686372	0.434262916993539	0.024081862972447	88.62	87.27	93.55	90.41	14.11	88.62	scVI	85	1500	200_0.01_2_256	2	200	0.01
0.944176654738745	scVI_0_200_0.01_2_256_gene_zinb_cov2..scVI..85..RNA.log.vst.split_Batch_ID.features.2000_1fc30884a597ee96b13e92d27fc7a593	0.41348349686372	0.439535008034646	0.0283144358549612	91.16	87.27	92.8	90.035	18.57	91.16	scVI	85	2000	200_0.01_2_256	2	200	0.01
0.946044812373725	scVI_0_300_0.01_2_256_gene_zinb_cov2..scVI..65..RNA.log.vst.split_Batch_ID.features.1000_d81f647beb61834f0d3d586cd4bbcbe9	0.444159306364986	0.430273946691953	0.0227370272176813	86.7	93.75	94	93.875	12.69	86.7	scVI	65	1000	300_0.01_2_256	2	300	0.01
0.947457395235981	scVI_0_300_0.01_2_256_gene_zinb_cov2..scVI..65..RNA.log.vst.split_Batch_ID.features.1250_0fd88fb24c42c7881e3cf2db230eac69	0.441837740168979	0.433990091445975	0.0234161105660799	88.49	93.26	94.91	94.085	13.41	88.49	scVI	65	1250	300_0.01_2_256	2	300	0.01
0.950454348240788	scVI_0_300_0.01_2_256_gene_zinb_cov2..scVI..65..RNA.log.vst.split_Batch_ID.features.1500_b8270a8b147486beb3a9e496e6c10fc4	0.439113743237375	0.43584011062609	0.0270078956240554	89.38	92.68	96.84	94.76	17.19	89.38	scVI	65	1500	300_0.01_2_256	2	300	0.01
0.949295250271604	scVI_0_300_0.01_2_256_gene_zinb_cov2..scVI..65..RNA.log.vst.split_Batch_ID.features.2000_69acfcb267e2d3229faa5a0b9f0f66dd	0.42928848410873	0.438494964424823	0.0320293690424388	90.66	90.61	96.09	93.35	22.48	90.66	scVI	65	2000	300_0.01_2_256	2	300	0.01
0.949863896194146	scVI_0_300_0.01_2_256_gene_zinb_cov2..scVI..65..RNA.log.vst.split_Batch_ID.features.2500_d2c13af4716883675bf5fe6f9dd0501b	0.41979453485154	0.439597829927964	0.0341021838354819	91.19	88.61	96.46	92.535	24.67	91.19	scVI	65	2500	300_0.01_2_256	2	300	0.01
0.946845784349356	scVI_0_300_0.01_2_256_gene_zinb_cov2..scVI..65..RNA.log.vst.split_Batch_ID.features.3000_4ae6355dbd518348667dab78bac24a07	0.41348349686372	0.439457536175897	0.0362437981555374	91.12	87.27	94.52	90.895	26.92	91.12	scVI	65	3000	300_0.01_2_256	2	300	0.01
0.945163165986887	scVI_0_300_0.01_2_256_gene_zinb_cov2..scVI..65..RNA.log.vst.split_Batch_ID.features.750_b4637cea005b903ce3b0bf4e9ae30af9	0.449873167354773	0.422505576847177	0.0221569954153112	82.97	94.95	93.43	94.19	12.08	82.97	scVI	65	750	300_0.01_2_256	2	300	0.01
0.954132589904477	scVI_0_300_0.01_3_256_gene_zinb_cov2..scVI..85..RNA.log.vst.split_Batch_ID.features.1000_42d31234e6cf64b35cbce8ab080fa190	0.455946580017099	0.428769310944509	0.0215477185508212	85.98	96.24	99.21	97.725	11.44	85.98	scVI	85	1000	300_0.01_3_256	3	300	0.01
0.952694295445975	scVI_0_300_0.01_3_256_gene_zinb_cov2..scVI..85..RNA.log.vst.split_Batch_ID.features.1250_1d43e5ae3fe0236d0e7a31c6e0a66d85	0.449873167354773	0.435312077970144	0.027955218535427	89.13	94.95	98.28	96.615	18.19	89.13	scVI	85	1250	300_0.01_3_256	3	300	0.01
0.954116952643899	scVI_0_300_0.01_3_256_gene_zinb_cov2..scVI..85..RNA.log.vst.split_Batch_ID.features.1500_99244d8dce5a5588784f504eab99f0eb	0.439113743237375	0.435292230357518	0.0239166440322696	89.12	92.68	99.2	95.94	13.94	89.12	scVI	85	1500	300_0.01_3_256	3	300	0.01
0.945361458140554	scVI_0_200_0.01_4_256_gene_zinb_cov2..scVI..85..RNA.log.vst.split_Batch_ID.features.750_ae483d9be6258f73f47b4a9079d803c7	0.457642727413989	0.411886719150626	0.0359477400559821	77.86	96.59	93.56	95.075	26.61	77.86	scVI	85	750	200_0.01_4_256	4	200	0.01
0.947833619563504	scVI_0_200_0.05_2_256_gene_zinb_cov2..scVI..85..RNA.log.vst.split_Batch_ID.features.1000_51a952b065cd0c4158601c28d07ea9a1	0.416473360921902	0.431874650652884	0.0259374874238157	87.47	87.9	95.15	91.525	16.07	87.47	scVI	85	1000	200_0.05_2_256	2	200	0.05
0.950156760138782	scVI_0_200_0.05_2_256_gene_zinb_cov2..scVI..85..RNA.log.vst.split_Batch_ID.features.1250_9180b29781c602bafecd045a8837671f	0.420225207388221	0.438305895628784	0.0266726713421334	90.57	88.7	96.65	92.675	16.84	90.57	scVI	85	1250	200_0.05_2_256	2	200	0.05
0.949995967988874	scVI_0_200_0.05_2_256_gene_zinb_cov2..scVI..85..RNA.log.vst.split_Batch_ID.features.1500_06d2a1446ef85940ee50a8f4d5fc8061	0.415805063059727	0.438551827455144	0.0289729399377458	90.68	87.76	96.54	92.15	19.26	90.68	scVI	85	1500	200_0.05_2_256	2	200	0.05
0.951284361743238	scVI_0_200_0.05_2_256_gene_zinb_cov2..scVI..85..RNA.log.vst.split_Batch_ID.features.2000_24094fbe2c5f046382ed3610be05ec62	0.41561201584854	0.444013895196893	0.0356775481971838	93.31	87.72	97.37	92.545	26.33	93.31	scVI	85	2000	200_0.05_2_256	2	200	0.05
0.948896579577702	scVI_0_200_0.05_2_256_gene_zinb_cov2..scVI..85..RNA.log.vst.split_Batch_ID.features.2500_8614854330038c1d3ee37cbfcfb3ec0b	0.41348349686372	0.44616037341566	0.0376941489921084	94.34	87.27	95.84	91.555	28.45	94.34	scVI	85	2500	200_0.05_2_256	2	200	0.05
0.94951881343413	scVI_0_200_0.05_2_256_gene_zinb_cov2..scVI..85..RNA.log.vst.split_Batch_ID.features.3000_48e22975c9857eb3bbec74469f18914e	0.407007653465796	0.447302082182087	0.0371330528579088	94.89	85.91	96.24	91.075	27.86	94.89	scVI	85	3000	200_0.05_2_256	2	200	0.05
0.949027324285097	scVI_0_200_0.05_2_256_gene_zinb_cov2..scVI..85..RNA.log.vst.split_Batch_ID.features.750_fe3c750d4f32080b4274d2d7730d5be5	0.421253056922936	0.425161200832076	0.0235935728615668	84.24	88.91	95.92	92.415	13.6	84.24	scVI	85	750	200_0.05_2_256	2	200	0.05
0.950636420336149	scVI_0_200_0.05_3_256_gene_zinb_cov2..scVI..110..RNA.log.vst.split_Batch_ID.features.1000_47a1e367b0638fe79ae91d63fd5cd360	0.445855453761876	0.429298389295877	0.0433600275268466	86.23	94.11	96.95	95.53	34.42	86.23	scVI	110	1000	200_0.05_3_256	3	200	0.05
0.951989713004253	scVI_0_200_0.05_3_256_gene_zinb_cov2..scVI..110..RNA.log.vst.split_Batch_ID.features.1250_6ca6bfc3063ebdbab9d98098d3d7ab5f	0.442103607295557	0.434271884991766	0.0464936034629282	88.63	93.31	97.83	95.57	37.72	88.63	scVI	110	1250	200_0.05_3_256	3	200	0.05
0.953521809397653	scVI_0_200_0.05_3_256_gene_zinb_cov2..scVI..110..RNA.log.vst.split_Batch_ID.features.1500_14f5e045453d5cf03184e0c57f71d6fa	0.434068180109763	0.435794992870158	0.0495615042045283	89.36	91.62	98.81	95.215	40.95	89.36	scVI	110	1500	200_0.05_3_256	3	200	0.05
0.949769495110751	scVI_0_200_0.05_3_256_gene_zinb_cov2..scVI..110..RNA.log.vst.split_Batch_ID.features.2000_4b43023aafc0c7222051095426a73021	0.424840097979152	0.434464953740415	0.0576899151917644	88.72	89.67	96.4	93.035	49.52	88.72	scVI	110	2000	200_0.05_3_256	3	200	0.05
0.949845793507074	scVI_0_200_0.05_3_256_gene_zinb_cov2..scVI..110..RNA.log.vst.split_Batch_ID.features.2500_f3e50bd6b4eb715750e2b72b14fac84b	0.416473360921902	0.437364273166102	0.0596226178020226	90.11	87.9	96.45	92.175	51.55	90.11	scVI	110	2500	200_0.05_3_256	3	200	0.05
0.951311117396829	scVI_0_200_0.05_3_256_gene_zinb_cov2..scVI..110..RNA.log.vst.split_Batch_ID.features.750_60ddf376adab26ac19d3280f503f48f1	0.455946580017099	0.420075266179326	0.033484836309946	81.8	96.24	97.39	96.815	24.02	81.8	scVI	110	750	200_0.05_3_256	3	200	0.05
0.947670411072689	scVI_0_300_0.01_2_256_gene_zinb_cov2..scVI..110..RNA.log.vst.split_Batch_ID.features.1000_053974bbb3692a0ebb12ace0af799c04	0.41979453485154	0.436135055825741	0.0140632704269021	89.52	88.61	95.05	91.83	3.56	89.52	scVI	110	1000	300_0.01_2_256	2	300	0.01
0.947509224132867	scVI_0_300_0.01_2_256_gene_zinb_cov2..scVI..110..RNA.log.vst.split_Batch_ID.features.1250_dc355c9db4f3122fa475138ba161e512	0.416473360921902	0.439382417139575	0.0111675385039567	91.08	87.9	94.94	91.42	0.5	91.08	scVI	110	1250	300_0.01_2_256	2	300	0.01
0.950937466396309	scVI_0_300_0.01_2_256_gene_zinb_cov2..scVI..110..RNA.log.vst.split_Batch_ID.features.1500_9bb521cc7ef99228db9775d8c30b357e	0.415805063059727	0.436659572925543	0.0163407401310641	89.77	87.76	97.15	92.455	5.95	89.77	scVI	110	1500	300_0.01_2_256	2	300	0.01
0.952394127567142	scVI_0_300_0.01_2_256_gene_zinb_cov2..scVI..110..RNA.log.vst.split_Batch_ID.features.2000_0edf74722c7a0a9250492f196b9484a4	0.415654303024671	0.439691310013046	0.0172365331561967	91.23	87.73	98.09	92.91	6.9	91.23	scVI	110	2000	300_0.01_2_256	2	300	0.01
0.953000496303765	scVI_0_300_0.01_2_256_gene_zinb_cov2..scVI..110..RNA.log.vst.split_Batch_ID.features.2500_80104c5fa7e68b806dad75e7cbd9a519	0.416473360921902	0.445372741943269	0.0192394883914416	93.97	87.9	98.48	93.19	9.01	93.97	scVI	110	2500	300_0.01_2_256	2	300	0.01
0.948633011090803	scVI_0_300_0.01_2_256_gene_zinb_cov2..scVI..110..RNA.log.vst.split_Batch_ID.features.750_ea84c9f1ec8a99e4d64010ef7a3d2194	0.431344183178159	0.432775327184135	0.0154727859904814	87.91	91.04	95.67	93.355	5.04	87.91	scVI	110	750	300_0.01_2_256	2	300	0.01
0.955367401197115	scVI_0_300_0.01_3_256_gene_zinb_cov2..scVI..85..RNA.log.vst.split_Batch_ID.features.2000_1f592f94ec5f1af22714496fe7e20bb8	0.436627371631265	0.437222214828306	0.0326228502064641	90.05	92.16	100	96.08	23.11	90.05	scVI	85	2000	300_0.01_3_256	3	300	0.01
0.953266857222595	scVI_0_300_0.01_3_256_gene_zinb_cov2..scVI..85..RNA.log.vst.split_Batch_ID.features.2500_d65bafeb1631aced44c09d496800886c	0.429022616982152	0.437479110064917	0.0296359117313585	90.17	90.55	98.65	94.6	19.96	90.17	scVI	85	2500	300_0.01_3_256	3	300	0.01
0.951658338171461	scVI_0_300_0.01_3_256_gene_zinb_cov2..scVI..85..RNA.log.vst.split_Batch_ID.features.3000_928a02bcba1d18a431d660c11b3d71b3	0.424242920981118	0.433514333706536	0.0367741521016428	88.26	89.54	97.61	93.575	27.48	88.26	scVI	85	3000	300_0.01_3_256	3	300	0.01
0.952052911352927	scVI_0_300_0.01_3_256_gene_zinb_cov2..scVI..85..RNA.log.vst.split_Batch_ID.features.750_e1a3850e1a3596b58c236a175b1dec52	0.46474398961103	0.419815275323874	0.0212639238341778	81.67	98.09	97.87	97.98	11.14	81.67	scVI	85	750	300_0.01_3_256	3	300	0.01
0.948366273766191	scVI_0_300_0.05_2_256_gene_zinb_cov2..scVI..85..RNA.log.vst.split_Batch_ID.features.1000_c931a07961ecda09d6871f5401106efa	0.428469426211499	0.437013099180883	0.0323423042591267	89.94	90.44	95.49	92.965	22.81	89.94	scVI	85	1000	300_0.05_2_256	2	300	0.05
0.950779933379786	scVI_0_300_0.05_2_256_gene_zinb_cov2..scVI..85..RNA.log.vst.split_Batch_ID.features.1250_97049df1cdb4bdc49e7308a80990c316	0.42759233671184	0.439727434876421	0.0342354425763859	91.25	90.25	97.05	93.65	24.81	91.25	scVI	85	1250	300_0.05_2_256	2	300	0.05
0.951774103117528	scVI_0_300_0.05_2_256_gene_zinb_cov2..scVI..85..RNA.log.vst.split_Batch_ID.features.1500_1e3d1e4900de8ab70aaba3127fd3ccd8	0.420225207388221	0.441643932307692	0.0361137321627241	92.17	88.7	97.69	93.195	26.79	92.17	scVI	85	1500	300_0.05_2_256	2	300	0.05
0.952482961680656	scVI_0_300_0.05_2_256_gene_zinb_cov2..scVI..85..RNA.log.vst.split_Batch_ID.features.2000_69c13e93185651e11ca6c615e63fad98	0.41348349686372	0.444747041080889	0.0413521375339195	93.66	87.27	98.14	92.705	32.3	93.66	scVI	85	2000	300_0.05_2_256	2	300	0.05
0.950655146875881	scVI_0_300_0.05_2_256_gene_zinb_cov2..scVI..85..RNA.log.vst.split_Batch_ID.features.2500_ec740109fbbf9ad9cf47aa4a28b1fefa	0.41348349686372	0.446592447627292	0.0415435151659872	94.55	87.27	96.97	92.12	32.51	94.55	scVI	85	2500	300_0.05_2_256	2	300	0.05
0.952888885295047	scVI_0_300_0.05_3_256_gene_zinb_cov2..scVI..110..RNA.log.vst.split_Batch_ID.features.1000_71fee50b71b6188b3087013738f0fa54	0.455946580017099	0.431695239454041	0.0459042453884343	87.39	96.24	98.4	97.32	37.1	87.39	scVI	110	1000	300_0.05_3_256	3	300	0.05
0.953917222437195	scVI_0_300_0.05_3_256_gene_zinb_cov2..scVI..110..RNA.log.vst.split_Batch_ID.features.1250_fb23407b78b330da59bc5a1e8f539053	0.449873167354773	0.435003435362625	0.0510518355665306	88.98	94.95	99.07	97.01	42.52	88.98	scVI	110	1250	300_0.05_3_256	3	300	0.05
0.953307222872809	scVI_0_300_0.05_3_256_gene_zinb_cov2..scVI..110..RNA.log.vst.split_Batch_ID.features.1500_dba366074f94841ce5afb5e176fffc06	0.444159306364986	0.433392393833858	0.0577674244804713	88.2	93.75	98.67	96.21	49.6	88.2	scVI	110	1500	300_0.05_3_256	3	300	0.05
0.953237152726117	scVI_0_300_0.05_3_256_gene_zinb_cov2..scVI..110..RNA.log.vst.split_Batch_ID.features.2000_330c86d91b3be52854ec975dd708395e	0.435361896771056	0.43296427766326	0.0656312907037079	88	91.89	98.63	95.26	57.88	88	scVI	110	2000	300_0.05_3_256	3	300	0.05
0.951151495144551	scVI_0_300_0.05_3_256_gene_zinb_cov2..scVI..110..RNA.log.vst.split_Batch_ID.features.2500_dc42475893406acaaa68acd825fa53e6	0.433040330575049	0.428440335545348	0.0675138199619421	85.82	91.4	97.29	94.345	59.87	85.82	scVI	110	2500	300_0.05_3_256	3	300	0.05
0.95181719961183	scVI_0_300_0.05_3_256_gene_zinb_cov2..scVI..110..RNA.log.vst.split_Batch_ID.features.750_0f1bc5ebaa566ff5fbae86bff2bc92bb	0.458670576948704	0.423754150156481	0.0430169292996525	83.57	96.81	97.71	97.26	34.06	83.57	scVI	110	750	300_0.05_3_256	3	300	0.05
0.951673759791562	scVI_0_300_0.05_4_256_gene_zinb_cov2..scVI..110..RNA.log.vst.split_Batch_ID.features.1000_996e1dfcdcaad52dc29df332c4d33973	0.46474398961103	0.422425657846464	0.0622653119930359	82.93	98.09	97.62	97.855	54.34	82.93	scVI	110	1000	300_0.05_4_256	4	300	0.05
0.948200868710348	scVI_0_300_0.05_4_256_gene_zinb_cov2..scVI..110..RNA.log.vst.split_Batch_ID.features.1250_d7b873af095a7e5ce0d555376f8544fe	0.458239904412023	0.42465919819567	0.070233303488936	84	96.72	95.39	96.055	62.73	84	scVI	110	1250	300_0.05_4_256	4	300	0.05
0.947976378838383	scVI_0_300_0.05_4_256_gene_zinb_cov2..scVI..110..RNA.log.vst.split_Batch_ID.features.1500_eb24734890e5f8a093bc3df4ebdffa42	0.457376860287411	0.419672147702321	0.0730171894942218	81.6	96.54	95.24	95.89	65.66	81.6	scVI	110	1500	300_0.05_4_256	4	300	0.05
0.946946172408239	scVI_0_300_0.05_4_256_gene_zinb_cov2..scVI..110..RNA.log.vst.split_Batch_ID.features.2000_3920f751b279a9eb9fb960ad811fbea4	0.449442494818092	0.419923822991196	0.0819293377316666	81.73	94.86	94.58	94.72	75.05	81.73	scVI	110	2000	300_0.05_4_256	4	300	0.05
0.944350179588872	scVI_0_400_0.05_4_256_gene_zinb_cov2..scVI..110..RNA.log.vst.split_Batch_ID.features.2000_7e37d6e7f4cd4d3603bfc40f122cdf2b	0.457642727413989	0.415087595094755	0.0882210138416884	79.4	96.59	92.91	94.75	81.68	79.4	scVI	110	2000	400_0.05_4_256	4	400	0.05
0.94444480380241	scVI_0_400_0.05_4_256_gene_zinb_cov2..scVI..110..RNA.log.vst.split_Batch_ID.features.2500_e44a3cce2db232058a70bb1a25b09452	0.453625013821092	0.411692551180117	0.0838788592831361	77.77	95.75	92.97	94.36	77.11	77.77	scVI	110	2500	400_0.05_4_256	4	400	0.05
0.939410672020098	scVI_0_400_0.1_4_256_gene_zinb_cov2..scVI..65..RNA.log.vst.split_Batch_ID.features.1000_d6a1e0f5ae286a92130b2a3fe8e2f178	0.472513549670246	0.415306372560228	0.0958445325457402	79.5	99.73	89.73	94.73	89.71	79.5	scVI	65	1000	400_0.1_4_256	4	400	0.1
0.938884356909042	scVI_0_400_0.1_4_256_gene_zinb_cov2..scVI..65..RNA.log.vst.split_Batch_ID.features.2000_b56b99866d233076c7389279a965d3e3	0.455946580017099	0.41593378805089	0.101267936670379	79.81	96.24	89.39	92.815	95.43	79.81	scVI	65	2000	400_0.1_4_256	4	400	0.1
0.938129445189268	scVI_0_400_0.1_4_256_gene_zinb_cov2..scVI..65..RNA.log.vst.split_Batch_ID.features.2500_740e6ca85fbe5ef69c21c23a5a5cb69d	0.455946580017099	0.411240199763406	0.105609702593953	77.55	96.24	88.91	92.575	100	77.55	scVI	65	2500	400_0.1_4_256	4	400	0.1
0.927502251321786	scVI_0_50_0.01_3_256_gene_zinb_cov2..scVI..65..RNA.log.vst.split_Batch_ID.features.1000_c0c430b37907404ad89fa732cab9661b	0.299873476431495	0.436668366082472	0.0395305201299368	89.78	63.29	82.06	72.675	30.39	89.78	scVI	65	1000	50_0.01_3_256	3	50	0.01
0.924399250794359	scVI_0_50_0.01_3_256_gene_zinb_cov2..scVI..65..RNA.log.vst.split_Batch_ID.features.1250_6e2bf99d35dae91fbbe34d0cad5b7c97	0.304426448862351	0.442890830308714	0.0433929497784388	92.77	64.25	80.07	72.16	34.45	92.77	scVI	65	1250	50_0.01_3_256	3	50	0.01
0.925384391236953	scVI_0_50_0.01_3_256_gene_zinb_cov2..scVI..65..RNA.log.vst.split_Batch_ID.features.1500_d354949067d2de8920a9769082fdad4a	0.300734821504858	0.447207085868124	0.0468004934253981	94.85	63.48	80.7	72.09	38.04	94.85	scVI	65	1500	50_0.01_3_256	3	50	0.01
0.925729133493809	scVI_0_50_0.01_3_256_gene_zinb_cov2..scVI..65..RNA.log.vst.split_Batch_ID.features.2000_0829a42727c1ed92c9c9e5d355a65f79	0.300734821504858	0.446271519949763	0.0517742787292011	94.4	63.48	80.92	72.2	43.28	94.4	scVI	65	2000	50_0.01_3_256	3	50	0.01
0.946582675190004	scVI_0_300_0.05_4_256_gene_zinb_cov2..scVI..110..RNA.log.vst.split_Batch_ID.features.2500_bf62ce045a853fe0a6d20796fa163c33	0.443966259153799	0.418057781964505	0.0799698541833907	80.83	93.71	94.35	94.03	72.99	80.83	scVI	110	2500	300_0.05_4_256	4	300	0.05
0.945271120457572	scVI_0_300_0.05_4_256_gene_zinb_cov2..scVI..110..RNA.log.vst.split_Batch_ID.features.3000_cb84ad59b74e9e97d7ab0f9f624e0b2c	0.437655221165979	0.412633385253761	0.0815301096231379	78.22	92.38	93.5	92.94	74.63	78.22	scVI	110	3000	300_0.05_4_256	4	300	0.05
0.950804719289691	scVI_0_300_0.05_4_256_gene_zinb_cov2..scVI..110..RNA.log.vst.split_Batch_ID.features.750_2618a5f7f6c6c30390a56362dce89e68	0.473779024530454	0.414992080389747	0.0533606859104927	79.35	100	97.06	98.53	44.96	79.35	scVI	110	750	300_0.05_4_256	4	300	0.05
0.947270931308319	scVI_0_300_0.1_2_256_gene_zinb_cov2..scVI..65..RNA.log.vst.split_Batch_ID.features.1000_c444ca2980af4c18c27490c67f65d349	0.441837740168979	0.437823766649914	0.0507542504331812	90.33	93.26	94.79	94.025	42.21	90.33	scVI	65	1000	300_0.1_2_256	2	300	0.1
0.949395627014701	scVI_0_300_0.1_2_256_gene_zinb_cov2..scVI..65..RNA.log.vst.split_Batch_ID.features.1250_88109b75b3ae08750826ef484d95b0b0	0.436238986270715	0.439863230549348	0.0530406074318371	91.32	92.08	96.16	94.12	44.62	91.32	scVI	65	1250	300_0.1_2_256	2	300	0.1
0.950411169875175	scVI_0_300_0.1_2_256_gene_zinb_cov2..scVI..65..RNA.log.vst.split_Batch_ID.features.1500_28df49e0a24a0761faedcbccd4c71e76	0.429885661106763	0.439581603324218	0.0583918748892983	91.18	90.74	96.81	93.775	50.26	91.18	scVI	65	1500	300_0.1_2_256	2	300	0.1
0.949688713979292	scVI_0_300_0.1_2_256_gene_zinb_cov2..scVI..65..RNA.log.vst.split_Batch_ID.features.2000_badfc6cfb2c1284146414826b34fd2fe	0.42759233671184	0.443237472462387	0.0596381010190303	92.94	90.25	96.34	93.295	51.57	92.94	scVI	65	2000	300_0.1_2_256	2	300	0.1
0.948881379028408	scVI_0_300_0.1_2_256_gene_zinb_cov2..scVI..65..RNA.log.vst.split_Batch_ID.features.2500_1308d47dceaf597df121f5bc726c76a5	0.416473360921902	0.440348195742099	0.0598938939414324	91.55	87.9	95.83	91.865	51.84	91.55	scVI	65	2500	300_0.1_2_256	2	300	0.1
0.947170122631611	scVI_0_300_0.1_2_256_gene_zinb_cov2..scVI..65..RNA.log.vst.split_Batch_ID.features.3000_0a09d8004a7b704b8df173595373a046	0.416473360921902	0.440389815634016	0.0651337810872039	91.57	87.9	94.72	91.31	57.36	91.57	scVI	65	3000	300_0.1_2_256	2	300	0.1
0.947011841118007	scVI_0_300_0.1_2_256_gene_zinb_cov2..scVI..65..RNA.log.vst.split_Batch_ID.features.750_601af3e6855c7ce45c806576d329a87c	0.448845317820059	0.430620682915466	0.0406951479474706	86.87	94.74	94.62	94.68	31.61	86.87	scVI	65	750	300_0.1_2_256	2	300	0.1
0.949180878141293	scVI_0_300_0.1_3_256_gene_zinb_cov2..scVI..65..RNA.log.vst.split_Batch_ID.features.1000_3fc9324dc4019660b693ceee9dad7d3a	0.457642727413989	0.424333426814048	0.0662544868585198	83.85	96.59	96.02	96.305	58.54	83.85	scVI	65	1000	300_0.1_3_256	3	300	0.1
0.947031194713972	scVI_0_300_0.1_3_256_gene_zinb_cov2..scVI..65..RNA.log.vst.split_Batch_ID.features.1250_245305754176efd2d0fd92a77a72dea9	0.453625013821092	0.430250083482683	0.0709165332227118	86.69	95.75	94.63	95.19	63.45	86.69	scVI	65	1250	300_0.1_3_256	3	300	0.1
0.948758657709158	scVI_0_300_0.1_3_256_gene_zinb_cov2..scVI..65..RNA.log.vst.split_Batch_ID.features.1500_85a81fcf2940f9ac20f396009f5c4967	0.444827604227162	0.433019155510527	0.074006003762577	88.02	93.89	95.75	94.82	66.71	88.02	scVI	65	1500	300_0.1_3_256	3	300	0.1
0.946508973834167	scVI_0_300_0.1_3_256_gene_zinb_cov2..scVI..65..RNA.log.vst.split_Batch_ID.features.2000_faf95328efd432d8d2539ad16c0852db	0.443966259153799	0.430392783699386	0.075887391311439	86.76	93.71	94.3	94.005	68.69	86.76	scVI	65	2000	300_0.1_3_256	3	300	0.1
0.945771967772166	scVI_0_300_0.1_3_256_gene_zinb_cov2..scVI..65..RNA.log.vst.split_Batch_ID.features.2500_9cb905921b2b2a2155d22b4f1bbf53da	0.436196699094583	0.426168577082798	0.0880335101733931	84.73	92.07	93.82	92.945	81.48	84.73	scVI	65	2500	300_0.1_3_256	3	300	0.1
0.941570274877561	scVI_0_300_0.1_3_256_gene_zinb_cov2..scVI..65..RNA.log.vst.split_Batch_ID.features.3000_5a67c718bb47fffe6e6c8b87f9d1b722	0.428469426211499	0.423864910585524	0.0870820486028292	83.62	90.44	91.12	90.78	80.48	83.62	scVI	65	3000	300_0.1_3_256	3	300	0.1
0.947897456895717	scVI_0_300_0.1_3_256_gene_zinb_cov2..scVI..65..RNA.log.vst.split_Batch_ID.features.750_a9ca29ae613bc8e54ae3bc4b14337d03	0.464981614936524	0.423647585911673	0.0536221295790427	83.52	98.14	95.19	96.665	45.23	83.52	scVI	65	750	300_0.1_3_256	3	300	0.1
0.94831972499032	scVI_0_400_0.01_2_256_gene_zinb_cov2..scVI..110..RNA.log.vst.split_Batch_ID.features.1000_75b18640de86704e3ac8514801fb23d8	0.441837740168979	0.435680698562137	0.0408402600192188	89.3	93.26	95.46	94.36	31.77	89.3	scVI	110	1000	400_0.01_2_256	2	400	0.01
0.950893412927548	scVI_0_400_0.01_2_256_gene_zinb_cov2..scVI..110..RNA.log.vst.split_Batch_ID.features.1250_4391d95b563b15c6700a41ab5eda783c	0.436627371631265	0.439292534570018	0.0413677291005936	91.04	92.16	97.12	94.64	32.32	91.04	scVI	110	1250	400_0.01_2_256	2	400	0.01
0.953343348655381	scVI_0_400_0.01_2_256_gene_zinb_cov2..scVI..110..RNA.log.vst.split_Batch_ID.features.1500_bfbaa25b95720a2ff962aeb66121d0c2	0.42928848410873	0.438539127023538	0.0437343707319147	90.68	90.61	98.7	94.655	34.81	90.68	scVI	110	1500	400_0.01_2_256	2	400	0.01
0.952320968078745	scVI_0_400_0.01_2_256_gene_zinb_cov2..scVI..110..RNA.log.vst.split_Batch_ID.features.2000_9c19d61ec4a9b79c5fb1f65e5916d493	0.428260634574015	0.441404748868169	0.0452106530686343	92.06	90.39	98.04	94.215	36.37	92.06	scVI	110	2000	400_0.01_2_256	2	400	0.01
0.953149037605982	scVI_0_400_0.01_2_256_gene_zinb_cov2..scVI..110..RNA.log.vst.split_Batch_ID.features.2500_6ac3c2d75295ab557d21b99a087aaf61	0.42759233671184	0.439858864597858	0.0422847633529793	91.31	90.25	98.57	94.41	33.29	91.31	scVI	110	2500	400_0.01_2_256	2	400	0.01
0.949631461042751	scVI_0_400_0.01_2_256_gene_zinb_cov2..scVI..110..RNA.log.vst.split_Batch_ID.features.750_c4306b762e6f76152ba003f3208f260b	0.449442494818092	0.428015960079301	0.0373156800564971	85.62	94.86	96.31	95.585	28.05	85.62	scVI	110	750	400_0.01_2_256	2	400	0.01
0.949185614085174	scVI_0_400_0.05_2_256_gene_zinb_cov2..scVI..110..RNA.log.vst.split_Batch_ID.features.1000_873fd3ffa8f7fa50321edf70ee76bcf8	0.453625013821092	0.429901117376769	0.0567663453742724	86.52	95.75	96.02	95.885	48.54	86.52	scVI	110	1000	400_0.05_2_256	2	400	0.05
0.949105280447916	scVI_0_400_0.05_2_256_gene_zinb_cov2..scVI..110..RNA.log.vst.split_Batch_ID.features.1250_29be28044318a16f165ad4aa4720a84b	0.445424781225195	0.433621680483159	0.0558581866433649	88.31	94.02	95.97	94.995	47.59	88.31	scVI	110	1250	400_0.05_2_256	2	400	0.05
0.949737229057597	scVI_0_400_0.05_2_256_gene_zinb_cov2..scVI..110..RNA.log.vst.split_Batch_ID.features.1500_d877bdedea203c5dcfd61d1867ce2844	0.441837740168979	0.436916667330029	0.062129943863191	89.9	93.26	96.38	94.82	54.19	89.9	scVI	110	1500	400_0.05_2_256	2	400	0.05
0.950796997405058	scVI_0_400_0.05_2_256_gene_zinb_cov2..scVI..110..RNA.log.vst.split_Batch_ID.features.2000_2d15d1b4808a8f4d44f3e609493a7c3a	0.436238986270715	0.439025432761551	0.0598789096401907	90.91	92.08	97.06	94.57	51.82	90.91	scVI	110	2000	400_0.05_2_256	2	400	0.05
0.951156979473208	scVI_0_400_0.05_2_256_gene_zinb_cov2..scVI..110..RNA.log.vst.split_Batch_ID.features.2500_a1803698df08df7065fa6eeecebd3e34	0.431344183178159	0.435655388806036	0.0640810243606937	89.29	91.04	97.29	94.165	56.25	89.29	scVI	110	2500	400_0.05_2_256	2	400	0.05
0.948573606386337	scVI_0_400_0.05_2_256_gene_zinb_cov2..scVI..110..RNA.log.vst.split_Batch_ID.features.3000_2537440ef081df08def246308342d6a2	0.426298620050547	0.436133500110996	0.0597576159334824	89.52	89.98	95.63	92.805	51.69	89.52	scVI	110	3000	400_0.05_2_256	2	400	0.05
0.945883838093963	scVI_0_400_0.05_2_256_gene_zinb_cov2..scVI..110..RNA.log.vst.split_Batch_ID.features.750_5fc68aaab16723695406879b290f4f8d	0.458239904412023	0.426373941291557	0.0484348813965562	84.83	96.72	93.9	95.31	39.77	84.83	scVI	110	750	400_0.05_2_256	2	400	0.05
0.923272804923028	scVI_0_50_0.01_3_256_gene_zinb_cov2..scVI..65..RNA.log.vst.split_Batch_ID.features.2500_7c3d2e9cc401ec5110e4e48358e81059	0.311423124758114	0.451551036240534	0.0534920875331767	96.94	65.73	79.34	72.535	45.09	96.94	scVI	65	2500	50_0.01_3_256	3	50	0.01
0.921505471894962	scVI_0_50_0.01_3_256_gene_zinb_cov2..scVI..65..RNA.log.vst.split_Batch_ID.features.3000_6f27578d73d4929c50bb2e606d3cd374	0.300066523642682	0.451179758557701	0.0551754173143336	96.76	63.33	78.21	70.77	46.87	96.76	scVI	65	3000	50_0.01_3_256	3	50	0.01
0.925368662008087	scVI_0_50_0.01_3_256_gene_zinb_cov2..scVI..65..RNA.log.vst.split_Batch_ID.features.750_6b938382c685cf090228a7da23f43cbe	0.299873476431495	0.427874524020799	0.0353567399677271	85.55	63.29	80.69	71.99	25.99	85.55	scVI	65	750	50_0.01_3_256	3	50	0.01
0.923948425812305	scVI_0_50_0.01_4_256_gene_zinb_cov2..scVI..65..RNA.log.vst.split_Batch_ID.features.1000_6526b525fdd9f926c98334a4ccbf4d13	0.315605643761114	0.433682523375438	0.0472269969827088	88.34	66.61	79.78	73.195	38.49	88.34	scVI	65	1000	50_0.01_4_256	4	50	0.01
0.924088829066446	scVI_0_50_0.01_4_256_gene_zinb_cov2..scVI..65..RNA.log.vst.split_Batch_ID.features.1000_c7084837e0f432a81be87d34989e8fe0	0.315605643761114	0.433682523375438	0.0472269969827088	88.34	66.61	79.87	73.24	38.49	88.34	scVI	65	1000	50_0.01_4_256	4	50	0.01
0.924194406955653	scVI_0_50_0.01_4_256_gene_zinb_cov2..scVI..65..RNA.log.vst.split_Batch_ID.features.1250_937a66888a44846ce5bc7ba16b71fadb	0.320458159677539	0.435885741409475	0.0540835700738182	89.4	67.64	79.94	73.79	45.72	89.4	scVI	65	1250	50_0.01_4_256	4	50	0.01
0.924081045241712	scVI_0_50_0.01_4_256_gene_zinb_cov2..scVI..65..RNA.log.vst.split_Batch_ID.features.1500_60f45f9f9e8279ada72e740678b4e10f	0.320458159677539	0.438208842570753	0.0610655687903538	90.52	67.64	79.86	73.75	53.07	90.52	scVI	65	1500	50_0.01_4_256	4	50	0.01
0.923566887864832	scVI_0_50_0.01_4_256_gene_zinb_cov2..scVI..65..RNA.log.vst.split_Batch_ID.features.2000_24deec39f9db0b4f82df86b537be196a	0.325011132108395	0.442079589992972	0.0656417989690396	92.38	68.6	79.53	74.065	57.89	92.38	scVI	65	2000	50_0.01_4_256	4	50	0.01
0.924741990003865	scVI_0_50_0.01_4_256_gene_zinb_cov2..scVI..65..RNA.log.vst.split_Batch_ID.features.2500_375cefb59fa57d47536e3b89d4acd63e	0.324906545807117	0.442362796784157	0.0663175588216704	92.52	68.58	80.29	74.435	58.61	92.52	scVI	65	2500	50_0.01_4_256	4	50	0.01
0.923001001903239	scVI_0_50_0.01_4_256_gene_zinb_cov2..scVI..65..RNA.log.vst.split_Batch_ID.features.3000_1777891389f5844feaa1192aa5880537	0.317776449922065	0.442954824115815	0.0700993008396457	92.8	67.07	79.17	73.12	62.59	92.8	scVI	65	3000	50_0.01_4_256	4	50	0.01
0.922714101094629	scVI_0_50_0.01_4_256_gene_zinb_cov2..scVI..65..RNA.log.vst.split_Batch_ID.features.750_1b7971dedb4e448df19b07e17df679ba	0.312196008921567	0.425745290952739	0.0451281074638399	84.53	65.89	78.98	72.435	36.28	84.53	scVI	65	750	50_0.01_4_256	4	50	0.01
0.934146083993831	scVI_0_50_0.05_2_256_gene_zinb_cov2..scVI..65..RNA.log.vst.split_Batch_ID.features.1000_d8d2464a0841870c75fa488debd5c76b	0.32088883221422	0.439579375813065	0.0388464859340377	91.18	67.73	86.34	77.035	29.66	91.18	scVI	65	1000	50_0.05_2_256	2	50	0.05
0.938019921541112	scVI_0_50_0.05_2_256_gene_zinb_cov2..scVI..65..RNA.log.vst.split_Batch_ID.features.1250_5b8e4f95aab44f01d309626cfa7dcae0	0.325011132108395	0.444918029089664	0.0433171212087577	93.75	68.6	88.83	78.715	34.37	93.75	scVI	65	1250	50_0.05_2_256	2	50	0.05
0.937373455638227	scVI_0_50_0.05_2_256_gene_zinb_cov2..scVI..65..RNA.log.vst.split_Batch_ID.features.1500_1673a41352bbae77cd39f1ca519b27a9	0.320458159677539	0.449037946023981	0.044181547202208	95.73	67.64	88.42	78.03	35.29	95.73	scVI	65	1500	50_0.05_2_256	2	50	0.05
0.937296800929983	scVI_0_50_0.05_2_256_gene_zinb_cov2..scVI..65..RNA.log.vst.split_Batch_ID.features.2000_2c4631c3d9656852e22d152537f25721	0.324906545807117	0.451770385278451	0.050455799310542	97.04	68.58	88.37	78.475	41.9	97.04	scVI	65	2000	50_0.05_2_256	2	50	0.05
0.934942639769138	scVI_0_50_0.05_2_256_gene_zinb_cov2..scVI..65..RNA.log.vst.split_Batch_ID.features.2500_face3d03a3b73ad96392995a329e06a7	0.327392917413227	0.457920631225624	0.0532558303033926	100	69.1	86.85	77.975	44.85	100	scVI	65	2500	50_0.05_2_256	2	50	0.05
0.933849805381708	scVI_0_50_0.05_2_256_gene_zinb_cov2..scVI..65..RNA.log.vst.split_Batch_ID.features.750_4fdaa8f8322f05f190425a32603a1fef	0.308770248690652	0.429796751561706	0.0347618498129143	86.47	65.17	86.15	75.66	25.36	86.47	scVI	65	750	50_0.05_2_256	2	50	0.05
0.945536544628193	scVI_1_400_0.1_2_256_gene_zinb_cov2..scVI..85..RNA.log.vst.split_Batch_ID.features.1000_9196bad3fb0a6ab8d68cea3dd2d9891a	0.457376860287411	0.431229318224843	0.0636038102946354	87.16	96.54	93.67	95.105	55.75	87.16	scVI	85	1000	400_0.1_2_256	2	400	0.1
0.945380405200806	scVI_1_400_0.1_2_256_gene_zinb_cov2..scVI..85..RNA.log.vst.split_Batch_ID.features.1250_03c10730a4b1685057ad0314b7f86cf4	0.449873167354773	0.43270653197243	0.070145153962108	87.87	94.95	93.57	94.26	62.64	87.87	scVI	85	1250	400_0.1_2_256	2	400	0.1
0.945040225103803	scVI_1_400_0.1_2_256_gene_zinb_cov2..scVI..85..RNA.log.vst.split_Batch_ID.features.1500_55709964935345e204bf97faa19c2435	0.444827604227162	0.432764229158457	0.0674680826551558	87.9	93.89	93.35	93.62	59.82	87.9	scVI	85	1500	400_0.1_2_256	2	400	0.1
0.947661246564298	scVI_1_400_0.1_2_256_gene_zinb_cov2..scVI..85..RNA.log.vst.split_Batch_ID.features.2000_5e31aa323c46e0fb15d6f94afc210cce	0.441837740168979	0.437788584555408	0.0697296511210154	90.32	93.26	95.04	94.15	62.2	90.32	scVI	85	2000	400_0.1_2_256	2	400	0.1
0.945706720317557	scVI_1_400_0.1_2_256_gene_zinb_cov2..scVI..85..RNA.log.vst.split_Batch_ID.features.2500_8bbdcc7a929382647279eed5b3816f2b	0.434068180109763	0.434565676983566	0.074143342771411	88.77	91.62	93.78	92.7	66.85	88.77	scVI	85	2500	400_0.1_2_256	2	400	0.1
0.946134499961792	scVI_1_400_0.1_2_256_gene_zinb_cov2..scVI..85..RNA.log.vst.split_Batch_ID.features.3000_8082dea406acee2a723d41906762ccd0	0.428469426211499	0.435420366295969	0.0719174721914552	89.18	90.44	94.06	92.25	64.51	89.18	scVI	85	3000	400_0.1_2_256	2	400	0.1
0.941119362954329	scVI_2_150_0.01_2_256_gene_zinb_cov2..scVI..110..RNA.log.vst.split_Batch_ID.features.1250_03c10730a4b1685057ad0314b7f86cf4	0.38512925355846	0.430819764731954	0.0168365307238297	86.97	81.29	90.83	86.06	6.48	86.97	scVI	110	1250	150_0.01_2_256	2	150	0.01
0.931398987018673	scVI_3_50_0.1_4_256_gene_zinb_cov2..scVI..65..RNA.log.vst.split_Batch_ID.features.2000_b9d2485e7957ec1bc9edd3d38d917564	0.395069619778628	0.427951282235392	0.0878513208582982	85.59	83.39	84.57	83.98	81.29	85.59	scVI	65	2000	50_0.1_4_256	4	50	0.1
0.932851528326195	scVI_3_50_0.1_4_256_gene_zinb_cov2..scVI..65..RNA.log.vst.split_Batch_ID.features.2500_d5e19cd3ccc366b5ee9e69909cc1194e	0.387450819754468	0.42847606028168	0.0983937241755246	85.84	81.78	85.51	83.645	92.4	85.84	scVI	65	2500	50_0.1_4_256	4	50	0.1
0.930290111383659	scVI_3_50_0.1_4_256_gene_zinb_cov2..scVI..65..RNA.log.vst.split_Batch_ID.features.3000_5e9de45c2cee3c765ed81c33c58c2051	0.379321708022713	0.422547628782678	0.0953302543420516	82.99	80.06	83.86	81.96	89.17	82.99	scVI	65	3000	50_0.1_4_256	4	50	0.1
0.949602476892059	scVI_0_300_0.05_3_256_gene_zinb_cov2..scVI..110..RNA.log.vst.split_Batch_ID.features.3000_92b7e4fd6d6ce49ffb293eafea5e0375	0.428469426211499	0.431478098540343	0.0678741260872423	87.28	90.44	96.29	93.365	60.25	87.28	scVI	110	3000	300_0.05_3_256	3	300	0.05
0.952937470123101	scVI_0_400_0.01_2_256_gene_zinb_cov2..scVI..110..RNA.log.vst.split_Batch_ID.features.3000_1915db912b72dfbbd6c04e2d676587fa	0.416473360921902	0.437712140611046	0.0406065110321452	90.28	87.9	98.44	93.17	31.52	90.28	scVI	110	3000	400_0.01_2_256	2	400	0.01
0.942380623638863	scVI_0_400_0.05_4_256_gene_zinb_cov2..scVI..110..RNA.log.vst.split_Batch_ID.features.3000_0a125d6900cfd930b5a020cd78e7de28	0.449873167354773	0.406348240828558	0.0948602893116183	75.2	94.95	91.64	93.295	88.68	75.2	scVI	110	3000	400_0.05_4_256	4	400	0.05
0.936902563035575	scVI_0_400_0.1_4_256_gene_zinb_cov2..scVI..65..RNA.log.vst.split_Batch_ID.features.3000_e9b11dacd25decfcd89c1623473e5352	0.444827604227162	0.411659566380702	0.103260342270589	77.75	93.89	88.12	91.005	97.52	77.75	scVI	65	3000	400_0.1_4_256	4	400	0.1
0.93419849960695	scVI_0_50_0.05_2_256_gene_zinb_cov2..scVI..65..RNA.log.vst.split_Batch_ID.features.3000_f6f4605f3276a1cebd6871edbcad3c0d	0.320458159677539	0.456333866846125	0.0549204037482954	99.24	67.64	86.37	77.005	46.6	99.24	scVI	65	3000	50_0.05_2_256	2	50	0.05
0.939972128995836	scVI_0_150_0.01_4_256_gene_zinb_cov2..scVI..110..RNA.log.vst.split_Batch_ID.features.3000_28cbe35390587ef66c4c0d810acfc1ae	0.391870964082962	0.431028394792766	0.0621469547893837	87.07	82.71	90.09	86.4	54.21	87.07	scVI	110	3000	150_0.01_4_256	4	150	0.01
0.947812167765207	scVI_0_150_0.1_2_256_gene_zinb_cov2..scVI..65..RNA.log.vst.split_Batch_ID.features.3000_5d27551d5183aced6b8218952f7c0a9a	0.395622810549281	0.449905909333019	0.0509659859680802	96.15	83.5	95.14	89.32	42.43	96.15	scVI	65	3000	150_0.1_2_256	2	150	0.1
0.943822138352047	scVI_0_200_0.01_4_256_gene_zinb_cov2..scVI..85..RNA.log.vst.split_Batch_ID.features.3000_2f518cd476a59fb8fd0609782d3ff0d9	0.416473360921902	0.424098774222339	0.0585992462639753	83.73	87.9	92.57	90.235	50.47	83.73	scVI	85	3000	200_0.01_4_256	4	200	0.01
0.948887610124338	scVI_0_200_0.05_3_256_gene_zinb_cov2..scVI..110..RNA.log.vst.split_Batch_ID.features.3000_34fbd97dae87723f667d8780ca9e9977	0.41561201584854	0.43937849050469	0.062153332556968	91.08	87.72	95.83	91.775	54.22	91.08	scVI	110	3000	200_0.05_3_256	3	200	0.05
0.951499011360631	scVI_0_300_0.01_2_256_gene_zinb_cov2..scVI..110..RNA.log.vst.split_Batch_ID.features.3000_f731be1171a74c191de7fafa5f676865	0.407675951327972	0.443652983989421	0.01693850111074	93.14	86.05	97.51	91.78	6.58	93.14	scVI	110	3000	300_0.01_2_256	2	300	0.01
0.950606947444457	scVI_0_300_0.05_2_256_gene_zinb_cov2..scVI..85..RNA.log.vst.split_Batch_ID.features.3000_64ba00eb9681597a71821b00e815cc00	0.407675951327972	0.446133504377562	0.0407343202926733	94.33	86.05	96.94	91.495	31.65	94.33	scVI	85	3000	300_0.05_2_256	2	300	0.05
