clustering_1	clustering_2	clustering_1_total	clustering_2_total	n	pct_clustering_1	pct_clustering_2	out_degree_1	in_degree_1	component_id	out_degree_2	in_degree_2
Oligodendrocytes	C185-156: Bmp4.Gpr17.Oligodendrocytes	1001	48	39	0.038961038961039	0.8125	13	13	1	9	9
Oligodendrocytes	C185-155: Cnksr3.Gpr17.Oligodendrocytes	1001	178	157	0.156843156843157	0.882022471910112	13	13	1	7	7
Oligodendrocytes	C185-157: Ermn.Gpr17.Oligodendrocytes	1001	15	14	0.013986013986014	0.933333333333333	13	13	1	2	2
Oligodendrocytes	C185-48: Anxa2.Pomc.GLU-5	1001	13	1	0.000999000999000999	0.0769230769230769	13	13	1	7	7
Oligodendrocytes	C185-148: Pex5l.Ermn.Oligodendrocytes	1001	234	117	0.116883116883117	0.5	13	13	1	43	43
Oligodendrocytes	C185-153: Ctps.Ermn.Oligodendrocytes	1001	360	321	0.320679320679321	0.891666666666667	13	13	1	9	9
Oligodendrocytes	C185-53: Ebf3.Caprin2.GLU-6	1001	24	5	0.004995004995005	0.208333333333333	13	13	1	7	7
Oligodendrocytes	C185-160: Dividing.OPC	1001	5	1	0.000999000999000999	0.2	13	13	1	4	4
Oligodendrocytes	C185-142: Unassigned.Etnppl.Astrocytes	1001	12	1	0.000999000999000999	0.0833333333333333	13	13	1	9	9
Oligodendrocytes	C185-150: Klk6.Ermn.Oligodendrocytes	1001	53	51	0.050949050949051	0.962264150943396	13	13	1	3	3
Oligodendrocytes	C185-152: Mal.Ermn.Oligodendrocytes	1001	297	288	0.287712287712288	0.96969696969697	13	13	1	5	5
Oligodendrocytes	C185-54: Oxt.Caprin2.GLU-6	1001	37	3	0.002997002997003	0.0810810810810811	13	13	1	12	12
Oligodendrocytes	C185-151: Arhgap45.Ermn.Oligodendrocytes	1001	5	3	0.002997002997003	0.6	13	13	1	2	2
Astrocytes	C185-132: Tgfb2.Tanycytes	267	12	6	0.0224719101123596	0.5	27	27	1	3	3
Astrocytes	C185-144: Gfap.Etnppl.Astrocytes	267	101	99	0.370786516853933	0.98019801980198	27	27	1	3	3
Astrocytes	C185-142: Unassigned.Etnppl.Astrocytes	267	12	4	0.0149812734082397	0.333333333333333	27	27	1	9	9
Astrocytes	C185-176: Acta2.Mural	267	63	1	0.00374531835205993	0.0158730158730159	27	27	1	4	4
Astrocytes	C185-145: Myoc.Etnppl.Astrocytes	267	6	5	0.0187265917602996	0.833333333333333	27	27	1	2	2
Astrocytes	C185-177: Slco1a4.Endothelial	267	115	2	0.00749063670411985	0.0173913043478261	27	27	1	8	8
Astrocytes	C185-140: Gjb6.Etnppl.Astrocytes	267	4	3	0.0112359550561798	0.75	27	27	1	2	2
Astrocytes	C185-153: Ctps.Ermn.Oligodendrocytes	267	360	13	0.048689138576779	0.0361111111111111	27	27	1	9	9
Astrocytes	C185-148: Pex5l.Ermn.Oligodendrocytes	267	234	37	0.138576779026217	0.158119658119658	27	27	1	43	43
Astrocytes	C185-141: Trpm3.Etnppl.Astrocytes	267	17	17	0.0636704119850187	1	27	27	1	1	1
Astrocytes	C185-139: Itih3.Etnppl.Astrocytes	267	46	43	0.161048689138577	0.934782608695652	27	27	1	3	3
Astrocytes	C185-135: Cdhr4.Ependymal	267	297	5	0.0187265917602996	0.0168350168350168	27	27	1	7	7
Astrocytes	C185-156: Bmp4.Gpr17.Oligodendrocytes	267	48	2	0.00749063670411985	0.0416666666666667	27	27	1	9	9
Astrocytes	C185-1: Shox2.GLU-1	267	163	3	0.0112359550561798	0.0184049079754601	27	27	1	26	26
Astrocytes	C185-155: Cnksr3.Gpr17.Oligodendrocytes	267	178	6	0.0224719101123596	0.0337078651685393	27	27	1	7	7
Astrocytes	C185-53: Ebf3.Caprin2.GLU-6	267	24	2	0.00749063670411985	0.0833333333333333	27	27	1	7	7
Astrocytes	C185-160: Dividing.OPC	267	5	2	0.00749063670411985	0.4	27	27	1	4	4
Astrocytes	C185-159: Pdgfra.OPC	267	8	2	0.00749063670411985	0.25	27	27	1	4	4
Astrocytes	C185-150: Klk6.Ermn.Oligodendrocytes	267	53	1	0.00374531835205993	0.0188679245283019	27	27	1	3	3
Astrocytes	C185-152: Mal.Ermn.Oligodendrocytes	267	297	1	0.00374531835205993	0.00336700336700337	27	27	1	5	5
Astrocytes	C185-146: Myt1l.Lgals3.Astrocytes	267	28	7	0.0262172284644195	0.25	27	27	1	14	14
Astrocytes	C185-11: Cbln2.Trh.GLU-2	267	48	1	0.00374531835205993	0.0208333333333333	27	27	1	11	11
Astrocytes	C185-134: Frzb.Tanycytes	267	4	1	0.00374531835205993	0.25	27	27	1	2	2
Astrocytes	C185-48: Anxa2.Pomc.GLU-5	267	13	1	0.00374531835205993	0.0769230769230769	27	27	1	7	7
Astrocytes	C185-54: Oxt.Caprin2.GLU-6	267	37	1	0.00374531835205993	0.027027027027027	27	27	1	12	12
Astrocytes	C185-37: Prdm13.Tcf4.GLU-3	267	3	1	0.00374531835205993	0.333333333333333	27	27	1	3	3
Astrocytes	C185-131: Scn7a.Tanycytes	267	1	1	0.00374531835205993	1	27	27	1	1	1
Ependymal	C185-132: Tgfb2.Tanycytes	356	12	5	0.0140449438202247	0.416666666666667	26	26	1	3	3
Ependymal	C185-135: Cdhr4.Ependymal	356	297	283	0.794943820224719	0.952861952861953	26	26	1	7	7
Ependymal	C185-136: Crlf1.Ependymal	356	2	2	0.00561797752808989	1	26	26	1	1	1
Ependymal	C185-153: Ctps.Ermn.Oligodendrocytes	356	360	11	0.0308988764044944	0.0305555555555556	26	26	1	9	9
Ependymal	C185-177: Slco1a4.Endothelial	356	115	5	0.0140449438202247	0.0434782608695652	26	26	1	8	8
Ependymal	C185-155: Cnksr3.Gpr17.Oligodendrocytes	356	178	5	0.0140449438202247	0.0280898876404494	26	26	1	7	7
Ependymal	C185-102: Hdc.GABA-1	356	3	3	0.00842696629213483	1	26	26	1	1	1
Ependymal	C185-76: Slc6a3.Onecut2.GABA-2	356	17	5	0.0140449438202247	0.294117647058824	26	26	1	6	6
Ependymal	C185-134: Frzb.Tanycytes	356	4	3	0.00842696629213483	0.75	26	26	1	2	2
Ependymal	C185-159: Pdgfra.OPC	356	8	3	0.00842696629213483	0.375	26	26	1	4	4
Ependymal	C185-81: Tnfrsf12a.GABA-2	356	2	1	0.00280898876404494	0.5	26	26	1	2	2
Ependymal	C185-147: Gfap.Lgals3.Astrocytes	356	2	1	0.00280898876404494	0.5	26	26	1	2	2
Ependymal	C185-148: Pex5l.Ermn.Oligodendrocytes	356	234	8	0.0224719101123596	0.0341880341880342	26	26	1	43	43
Ependymal	C185-152: Mal.Ermn.Oligodendrocytes	356	297	6	0.0168539325842697	0.0202020202020202	26	26	1	5	5
Ependymal	C185-82: Tbx19.Il1rapl2.GABA-1	356	4	1	0.00280898876404494	0.25	26	26	1	4	4
Ependymal	C185-63: Thrsp.Mixed.GABA-2	356	5	1	0.00280898876404494	0.2	26	26	1	4	4
Ependymal	C185-72: Fam122b.Vipr2.GABA-2	356	18	1	0.00280898876404494	0.0555555555555556	26	26	1	8	8
Ependymal	C185-150: Klk6.Ermn.Oligodendrocytes	356	53	1	0.00280898876404494	0.0188679245283019	26	26	1	3	3
Ependymal	C185-130: Chat.GABA-7	356	4	1	0.00280898876404494	0.25	26	26	1	3	3
Ependymal	C185-11: Cbln2.Trh.GLU-2	356	48	2	0.00561797752808989	0.0416666666666667	26	26	1	11	11
Ependymal	C185-174: Anxa1.ParsTuber	356	1	1	0.00280898876404494	1	26	26	1	1	1
Ependymal	C185-156: Bmp4.Gpr17.Oligodendrocytes	356	48	1	0.00280898876404494	0.0208333333333333	26	26	1	9	9
Ependymal	C185-1: Shox2.GLU-1	356	163	3	0.00842696629213483	0.0184049079754601	26	26	1	26	26
Ependymal	C185-54: Oxt.Caprin2.GLU-6	356	37	1	0.00280898876404494	0.027027027027027	26	26	1	12	12
Ependymal	C185-37: Prdm13.Tcf4.GLU-3	356	3	1	0.00280898876404494	0.333333333333333	26	26	1	3	3
Ependymal	C185-145: Myoc.Etnppl.Astrocytes	356	6	1	0.00280898876404494	0.166666666666667	26	26	1	2	2
Immune	C185-151: Arhgap45.Ermn.Oligodendrocytes	48	5	2	0.0416666666666667	0.4	9	9	1	2	2
Immune	C185-165: Wfdc17.Tmem119.Immune	48	4	2	0.0416666666666667	0.5	9	9	1	3	3
Immune	C185-166: Ccl4.Tmem119.Immune	48	10	10	0.208333333333333	1	9	9	1	1	1
Immune	C185-135: Cdhr4.Ependymal	48	297	3	0.0625	0.0101010101010101	9	9	1	7	7
Immune	C185-170: F13a1.Immune	48	30	26	0.541666666666667	0.866666666666667	9	9	1	3	3
Immune	C185-148: Pex5l.Ermn.Oligodendrocytes	48	234	1	0.0208333333333333	0.00427350427350427	9	9	1	43	43
Immune	C185-153: Ctps.Ermn.Oligodendrocytes	48	360	1	0.0208333333333333	0.00277777777777778	9	9	1	9	9
Immune	C185-163: Selplg.Tmem119.Immune	48	5	2	0.0416666666666667	0.4	9	9	1	4	4
Immune	C185-88: Sox14.Lef1.GABA-1	48	3	1	0.0208333333333333	0.333333333333333	9	9	1	3	3
""	C185-176: Acta2.Mural	71	63	52	0.732394366197183	0.825396825396825	12	12	1	4	4
""	C185-178: Vtn.Endothelial	71	61	4	0.0563380281690141	0.0655737704918033	12	12	1	4	4
""	C185-148: Pex5l.Ermn.Oligodendrocytes	71	234	1	0.0140845070422535	0.00427350427350427	12	12	1	43	43
""	C185-157: Ermn.Gpr17.Oligodendrocytes	71	15	1	0.0140845070422535	0.0666666666666667	12	12	1	2	2
""	C185-155: Cnksr3.Gpr17.Oligodendrocytes	71	178	1	0.0140845070422535	0.00561797752808989	12	12	1	7	7
""	C185-153: Ctps.Ermn.Oligodendrocytes	71	360	6	0.0845070422535211	0.0166666666666667	12	12	1	9	9
""	C185-135: Cdhr4.Ependymal	71	297	1	0.0140845070422535	0.00336700336700337	12	12	1	7	7
""	C185-183: Slc6a13.Dcn.Fibroblasts	71	20	1	0.0140845070422535	0.05	12	12	1	5	5
""	C185-184: Slc47a1.Dcn.Fibroblasts	71	2	1	0.0140845070422535	0.5	12	12	1	2	2
""	C185-152: Mal.Ermn.Oligodendrocytes	71	297	1	0.0140845070422535	0.00336700336700337	12	12	1	5	5
""	C185-175: Kcnj8.Mural	71	7	1	0.0140845070422535	0.142857142857143	12	12	1	7	7
""	C185-177: Slco1a4.Endothelial	71	115	1	0.0140845070422535	0.00869565217391304	12	12	1	8	8
Vascular	C185-177: Slco1a4.Endothelial	240	115	103	0.429166666666667	0.895652173913044	14	14	1	8	8
Vascular	C185-179: Sema3g.Endothelial	240	17	16	0.0666666666666667	0.941176470588235	14	14	1	2	2
Vascular	C185-180: Meox1.Endothelial	240	18	18	0.075	1	14	14	1	1	1
Vascular	C185-153: Ctps.Ermn.Oligodendrocytes	240	360	5	0.0208333333333333	0.0138888888888889	14	14	1	9	9
Vascular	C185-175: Kcnj8.Mural	240	7	1	0.00416666666666667	0.142857142857143	14	14	1	7	7
Vascular	C185-178: Vtn.Endothelial	240	61	55	0.229166666666667	0.901639344262295	14	14	1	4	4
Vascular	C185-148: Pex5l.Ermn.Oligodendrocytes	240	234	2	0.00833333333333333	0.00854700854700855	14	14	1	43	43
Vascular	C185-155: Cnksr3.Gpr17.Oligodendrocytes	240	178	7	0.0291666666666667	0.0393258426966292	14	14	1	7	7
Vascular	C185-54: Oxt.Caprin2.GLU-6	240	37	1	0.00416666666666667	0.027027027027027	14	14	1	12	12
Vascular	C185-183: Slc6a13.Dcn.Fibroblasts	240	20	16	0.0666666666666667	0.8	14	14	1	5	5
Vascular	C185-182: Angptl1.Dcn.Fibroblasts	240	3	3	0.0125	1	14	14	1	1	1
Vascular	C185-176: Acta2.Mural	240	63	9	0.0375	0.142857142857143	14	14	1	4	4
Vascular	C185-135: Cdhr4.Ependymal	240	297	3	0.0125	0.0101010101010101	14	14	1	7	7
Vascular	C185-1: Shox2.GLU-1	240	163	1	0.00416666666666667	0.00613496932515337	14	14	1	26	26
Neurons_Adcyap1 1 (Tac1)	C185-36: Vcan.GLU-3	14	2	1	0.0714285714285714	0.5	12	12	1	2	2
Neurons_Adcyap1 1 (Tac1)	C185-25: Satb2.Cd40.GLU-3	14	2	1	0.0714285714285714	0.5	12	12	1	2	2
Neurons_Adcyap1 1 (Tac1)	C185-35: C1ql2.Gpr149.GLU-3	14	5	3	0.214285714285714	0.6	12	12	1	3	3
Neurons_Adcyap1 1 (Tac1)	C185-33: Fezf1.Gpr149.GLU-3	14	2	1	0.0714285714285714	0.5	12	12	1	2	2
Neurons_Adcyap1 1 (Tac1)	C185-41: Lef1.Mixed.GLU-4	14	2	1	0.0714285714285714	0.5	12	12	1	2	2
Neurons_Adcyap1 1 (Tac1)	C185-12: Ebf1.Trh.GLU-2	14	11	1	0.0714285714285714	0.0909090909090909	12	12	1	8	8
Neurons_Adcyap1 1 (Tac1)	C185-75: Pmfbp1.Onecut2.GABA-2	14	3	1	0.0714285714285714	0.333333333333333	12	12	1	3	3
Neurons_Adcyap1 1 (Tac1)	C185-40: Adcyap1.GLU-3	14	2	1	0.0714285714285714	0.5	12	12	1	2	2
Neurons_Adcyap1 1 (Tac1)	C185-30: Hmcn2.Gpr149.GLU-3	14	13	1	0.0714285714285714	0.0769230769230769	12	12	1	10	10
Neurons_Adcyap1 1 (Tac1)	C185-44: Lpar1.GLU-4	14	4	1	0.0714285714285714	0.25	12	12	1	3	3
Neurons_Adcyap1 1 (Tac1)	C185-148: Pex5l.Ermn.Oligodendrocytes	14	234	1	0.0714285714285714	0.00427350427350427	12	12	1	43	43
Neurons_Adcyap1 1 (Tac1)	C185-29: Iigp1.Cd40.GLU-3	14	1	1	0.0714285714285714	1	12	12	1	1	1
Neurons_Adcyap1 2	C185-38: Nfia.Tcf4.GLU-3	20	3	2	0.1	0.666666666666667	17	17	1	2	2
Neurons_Adcyap1 2	C185-37: Prdm13.Tcf4.GLU-3	20	3	1	0.05	0.333333333333333	17	17	1	3	3
Neurons_Adcyap1 2	C185-31: Tcf7l2.Gpr149.GLU-3	20	5	2	0.1	0.4	17	17	1	4	4
Neurons_Adcyap1 2	C185-148: Pex5l.Ermn.Oligodendrocytes	20	234	1	0.05	0.00427350427350427	17	17	1	43	43
Neurons_Adcyap1 2	C185-14: Syt2.Trh.GLU-2	20	3	1	0.05	0.333333333333333	17	17	1	3	3
Neurons_Adcyap1 2	C185-12: Ebf1.Trh.GLU-2	20	11	1	0.05	0.0909090909090909	17	17	1	8	8
Neurons_Adcyap1 2	C185-153: Ctps.Ermn.Oligodendrocytes	20	360	1	0.05	0.00277777777777778	17	17	1	9	9
Neurons_Adcyap1 2	C185-44: Lpar1.GLU-4	20	4	1	0.05	0.25	17	17	1	3	3
Neurons_Adcyap1 2	C185-163: Selplg.Tmem119.Immune	20	5	1	0.05	0.2	17	17	1	4	4
Neurons_Adcyap1 2	C185-46: Qrfp.Rfx4.GLU-4	20	11	1	0.05	0.0909090909090909	17	17	1	6	6
Neurons_Adcyap1 2	C185-30: Hmcn2.Gpr149.GLU-3	20	13	2	0.1	0.153846153846154	17	17	1	10	10
Neurons_Adcyap1 2	C185-155: Cnksr3.Gpr17.Oligodendrocytes	20	178	1	0.05	0.00561797752808989	17	17	1	7	7
Neurons_Adcyap1 2	C185-42: Lhx9.Mixed.GLU-4	20	7	1	0.05	0.142857142857143	17	17	1	5	5
Neurons_Adcyap1 2	C185-142: Unassigned.Etnppl.Astrocytes	20	12	1	0.05	0.0833333333333333	17	17	1	9	9
Neurons_Adcyap1 2	C185-144: Gfap.Etnppl.Astrocytes	20	101	1	0.05	0.0099009900990099	17	17	1	3	3
Neurons_Adcyap1 2	C185-32: Bcl11b.Gpr149.GLU-3	20	2	1	0.05	0.5	17	17	1	2	2
Neurons_Adcyap1 2	C185-35: C1ql2.Gpr149.GLU-3	20	5	1	0.05	0.2	17	17	1	3	3
Neurons_Avp 1, high	C185-53: Ebf3.Caprin2.GLU-6	9	24	6	0.666666666666667	0.25	4	4	1	7	7
Neurons_Avp 1, high	C185-148: Pex5l.Ermn.Oligodendrocytes	9	234	1	0.111111111111111	0.00427350427350427	4	4	1	43	43
Neurons_Avp 1, high	C185-156: Bmp4.Gpr17.Oligodendrocytes	9	48	1	0.111111111111111	0.0208333333333333	4	4	1	9	9
Neurons_Avp 1, high	C185-72: Fam122b.Vipr2.GABA-2	9	18	1	0.111111111111111	0.0555555555555556	4	4	1	8	8
Neurons_Avp 2, high	C185-53: Ebf3.Caprin2.GLU-6	8	24	7	0.875	0.291666666666667	2	2	1	7	7
Neurons_Avp 2, high	C185-168: Tyrobp.Tmem119.Immune	8	2	1	0.125	0.5	2	2	1	2	2
Neurons_Avp 3, medium	C185-88: Sox14.Lef1.GABA-1	8	3	1	0.125	0.333333333333333	6	6	1	3	3
Neurons_Avp 3, medium	C185-153: Ctps.Ermn.Oligodendrocytes	8	360	1	0.125	0.00277777777777778	6	6	1	9	9
Neurons_Avp 3, medium	C185-16: Tent5a.GLU-2	8	27	2	0.25	0.0740740740740741	6	6	1	9	9
Neurons_Avp 3, medium	C185-53: Ebf3.Caprin2.GLU-6	8	24	2	0.25	0.0833333333333333	6	6	1	7	7
Neurons_Avp 3, medium	C185-54: Oxt.Caprin2.GLU-6	8	37	1	0.125	0.027027027027027	6	6	1	12	12
Neurons_Avp 3, medium	C185-72: Fam122b.Vipr2.GABA-2	8	18	1	0.125	0.0555555555555556	6	6	1	8	8
Neurons_Dopamine 1	C185-48: Anxa2.Pomc.GLU-5	17	13	1	0.0588235294117647	0.0769230769230769	9	9	1	7	7
Neurons_Dopamine 1	C185-130: Chat.GABA-7	17	4	2	0.117647058823529	0.5	9	9	1	3	3
Neurons_Dopamine 1	C185-146: Myt1l.Lgals3.Astrocytes	17	28	1	0.0588235294117647	0.0357142857142857	9	9	1	14	14
Neurons_Dopamine 1	C185-76: Slc6a3.Onecut2.GABA-2	17	17	3	0.176470588235294	0.176470588235294	9	9	1	6	6
Neurons_Dopamine 1	C185-64: Meis2.Mixed.GABA-2	17	37	5	0.294117647058824	0.135135135135135	9	9	1	13	13
Neurons_Dopamine 1	C185-91: Gal.Hmcn1.GABA-1	17	18	2	0.117647058823529	0.111111111111111	9	9	1	6	6
Neurons_Dopamine 1	C185-18: Meis2.Samd3.GLU-2	17	10	1	0.0588235294117647	0.1	9	9	1	9	9
Neurons_Dopamine 1	C185-105: Lhx6.Lhx8.GABA-1	17	2	1	0.0588235294117647	0.5	9	9	1	2	2
Neurons_Dopamine 1	C185-108: Gal.Nts.GABA-1	17	40	1	0.0588235294117647	0.025	9	9	1	11	11
Neurons_Dopamine 2 (low VMAT2)	C185-64: Meis2.Mixed.GABA-2	7	37	5	0.714285714285714	0.135135135135135	3	3	1	13	13
Neurons_Dopamine 2 (low VMAT2)	C185-127: Nfix.Satb2.GABA-6	7	8	1	0.142857142857143	0.125	3	3	1	6	6
Neurons_Dopamine 2 (low VMAT2)	C185-91: Gal.Hmcn1.GABA-1	7	18	1	0.142857142857143	0.0555555555555556	3	3	1	6	6
Neurons_Dopamine 3	C185-76: Slc6a3.Onecut2.GABA-2	12	17	2	0.166666666666667	0.117647058823529	3	3	1	6	6
Neurons_Dopamine 3	C185-64: Meis2.Mixed.GABA-2	12	37	8	0.666666666666667	0.216216216216216	3	3	1	13	13
Neurons_Dopamine 3	C185-148: Pex5l.Ermn.Oligodendrocytes	12	234	2	0.166666666666667	0.00854700854700855	3	3	1	43	43
Neurons_Dopamine 4	C185-76: Slc6a3.Onecut2.GABA-2	5	17	4	0.8	0.235294117647059	2	2	1	6	6
Neurons_Dopamine 4	C185-64: Meis2.Mixed.GABA-2	5	37	1	0.2	0.027027027027027	2	2	1	13	13
Neurons_GABA 10	C185-56: Pmch.GLU-7	20	8	1	0.05	0.125	12	12	1	5	5
Neurons_GABA 10	C185-64: Meis2.Mixed.GABA-2	20	37	3	0.15	0.0810810810810811	12	12	1	13	13
Neurons_GABA 10	C185-100: Dlx1.Lhx6.GABA-1	20	18	2	0.1	0.111111111111111	12	12	1	8	8
Neurons_GABA 10	C185-86: Tmem114.Lef1.GABA-1	20	4	1	0.05	0.25	12	12	1	4	4
Neurons_GABA 10	C185-63: Thrsp.Mixed.GABA-2	20	5	2	0.1	0.4	12	12	1	4	4
Neurons_GABA 10	C185-68: C1ql2.Mixed.GABA-2	20	3	1	0.05	0.333333333333333	12	12	1	3	3
Neurons_GABA 10	C185-142: Unassigned.Etnppl.Astrocytes	20	12	1	0.05	0.0833333333333333	12	12	1	9	9
Neurons_GABA 10	C185-146: Myt1l.Lgals3.Astrocytes	20	28	3	0.15	0.107142857142857	12	12	1	14	14
Neurons_GABA 10	C185-108: Gal.Nts.GABA-1	20	40	3	0.15	0.075	12	12	1	11	11
Neurons_GABA 10	C185-153: Ctps.Ermn.Oligodendrocytes	20	360	1	0.05	0.00277777777777778	12	12	1	9	9
Neurons_GABA 10	C185-82: Tbx19.Il1rapl2.GABA-1	20	4	1	0.05	0.25	12	12	1	4	4
Neurons_GABA 10	C185-122: Satb1.Meis2.GABA-5	20	1	1	0.05	1	12	12	1	1	1
Neurons_GABA 11 (Nts 1)	C185-48: Anxa2.Pomc.GLU-5	25	13	3	0.12	0.230769230769231	13	13	1	7	7
Neurons_GABA 11 (Nts 1)	C185-108: Gal.Nts.GABA-1	25	40	7	0.28	0.175	13	13	1	11	11
Neurons_GABA 11 (Nts 1)	C185-132: Tgfb2.Tanycytes	25	12	1	0.04	0.0833333333333333	13	13	1	3	3
Neurons_GABA 11 (Nts 1)	C185-20: Lmx1a.GLU-2	25	5	1	0.04	0.2	13	13	1	5	5
Neurons_GABA 11 (Nts 1)	C185-64: Meis2.Mixed.GABA-2	25	37	1	0.04	0.027027027027027	13	13	1	13	13
Neurons_GABA 11 (Nts 1)	C185-146: Myt1l.Lgals3.Astrocytes	25	28	4	0.16	0.142857142857143	13	13	1	14	14
Neurons_GABA 11 (Nts 1)	C185-148: Pex5l.Ermn.Oligodendrocytes	25	234	1	0.04	0.00427350427350427	13	13	1	43	43
Neurons_GABA 11 (Nts 1)	C185-109: Ecel1.Nts.GABA-1	25	5	2	0.08	0.4	13	13	1	4	4
Neurons_GABA 11 (Nts 1)	C185-111: Tac2.Nts.GABA-1	25	4	1	0.04	0.25	13	13	1	3	3
Neurons_GABA 11 (Nts 1)	C185-67: Pnoc.Mixed.GABA-2	25	25	1	0.04	0.04	13	13	1	7	7
Neurons_GABA 11 (Nts 1)	C185-92: Adarb2.Hmcn1.GABA-1	25	1	1	0.04	1	13	13	1	1	1
Neurons_GABA 11 (Nts 1)	C185-23: Arhgap36.Fezf1.GLU-3	25	3	1	0.04	0.333333333333333	13	13	1	3	3
Neurons_GABA 11 (Nts 1)	C185-177: Slco1a4.Endothelial	25	115	1	0.04	0.00869565217391304	13	13	1	8	8
Neurons_GABA 12 (Nts 2)	C185-108: Gal.Nts.GABA-1	26	40	13	0.5	0.325	11	11	1	11	11
Neurons_GABA 12 (Nts 2)	C185-107: Zeb2.Lhx8.GABA-1	26	3	1	0.0384615384615385	0.333333333333333	11	11	1	3	3
Neurons_GABA 12 (Nts 2)	C185-64: Meis2.Mixed.GABA-2	26	37	1	0.0384615384615385	0.027027027027027	11	11	1	13	13
Neurons_GABA 12 (Nts 2)	C185-106: Sox6.Lhx8.GABA-1	26	4	1	0.0384615384615385	0.25	11	11	1	4	4
Neurons_GABA 12 (Nts 2)	C185-94: Gal.Crh.GABA-1	26	2	2	0.0769230769230769	1	11	11	1	1	1
Neurons_GABA 12 (Nts 2)	C185-119: Nts.Sst.GABA-4	26	1	1	0.0384615384615385	1	11	11	1	1	1
Neurons_GABA 12 (Nts 2)	C185-148: Pex5l.Ermn.Oligodendrocytes	26	234	3	0.115384615384615	0.0128205128205128	11	11	1	43	43
Neurons_GABA 12 (Nts 2)	C185-175: Kcnj8.Mural	26	7	1	0.0384615384615385	0.142857142857143	11	11	1	7	7
Neurons_GABA 12 (Nts 2)	C185-109: Ecel1.Nts.GABA-1	26	5	1	0.0384615384615385	0.2	11	11	1	4	4
Neurons_GABA 12 (Nts 2)	C185-75: Pmfbp1.Onecut2.GABA-2	26	3	1	0.0384615384615385	0.333333333333333	11	11	1	3	3
Neurons_GABA 12 (Nts 2)	C185-18: Meis2.Samd3.GLU-2	26	10	1	0.0384615384615385	0.1	11	11	1	9	9
Neurons_GABA 13 (Galanin)	C185-130: Chat.GABA-7	23	4	1	0.0434782608695652	0.25	9	9	1	3	3
Neurons_GABA 13 (Galanin)	C185-8: Nfia.Nxph4.GLU-2	23	2	1	0.0434782608695652	0.5	9	9	1	2	2
Neurons_GABA 13 (Galanin)	C185-108: Gal.Nts.GABA-1	23	40	3	0.130434782608696	0.075	9	9	1	11	11
Neurons_GABA 13 (Galanin)	C185-91: Gal.Hmcn1.GABA-1	23	18	12	0.521739130434783	0.666666666666667	9	9	1	6	6
Neurons_GABA 13 (Galanin)	C185-163: Selplg.Tmem119.Immune	23	5	1	0.0434782608695652	0.2	9	9	1	4	4
Neurons_GABA 13 (Galanin)	C185-11: Cbln2.Trh.GLU-2	23	48	1	0.0434782608695652	0.0208333333333333	9	9	1	11	11
Neurons_GABA 13 (Galanin)	C185-9: Ebf3.Nxph4.GLU-2	23	17	2	0.0869565217391304	0.117647058823529	9	9	1	8	8
Neurons_GABA 13 (Galanin)	C185-114: Ghrh.GABA-3	23	3	1	0.0434782608695652	0.333333333333333	9	9	1	3	3
Neurons_GABA 13 (Galanin)	C185-110: Gpr50.Nts.GABA-1	23	3	1	0.0434782608695652	0.333333333333333	9	9	1	2	2
Neurons_GABA 14 (Npy,Agrp)	C185-1: Shox2.GLU-1	13	163	1	0.0769230769230769	0.00613496932515337	5	5	1	26	26
Neurons_GABA 14 (Npy,Agrp)	C185-115: Npy.Agrp.GABA-4	13	7	7	0.538461538461538	1	5	5	1	1	1
Neurons_GABA 14 (Npy,Agrp)	C185-114: Ghrh.GABA-3	13	3	1	0.0769230769230769	0.333333333333333	5	5	1	3	3
Neurons_GABA 14 (Npy,Agrp)	C185-81: Tnfrsf12a.GABA-2	13	2	1	0.0769230769230769	0.5	5	5	1	2	2
Neurons_GABA 14 (Npy,Agrp)	C185-148: Pex5l.Ermn.Oligodendrocytes	13	234	3	0.230769230769231	0.0128205128205128	5	5	1	43	43
Neurons_GABA 15 (Npy-medium)	C185-148: Pex5l.Ermn.Oligodendrocytes	7	234	2	0.285714285714286	0.00854700854700855	6	6	1	43	43
Neurons_GABA 15 (Npy-medium)	C185-91: Gal.Hmcn1.GABA-1	7	18	1	0.142857142857143	0.0555555555555556	6	6	1	6	6
Neurons_GABA 15 (Npy-medium)	C185-155: Cnksr3.Gpr17.Oligodendrocytes	7	178	1	0.142857142857143	0.00561797752808989	6	6	1	7	7
Neurons_GABA 15 (Npy-medium)	C185-80: Aldh3b2.GABA-2	7	3	1	0.142857142857143	0.333333333333333	6	6	1	3	3
Neurons_GABA 15 (Npy-medium)	C185-161: Cspg4.OPC	7	1	1	0.142857142857143	1	6	6	1	1	1
Neurons_GABA 15 (Npy-medium)	C185-118: Otp.Sst.GABA-4	7	2	1	0.142857142857143	0.5	6	6	1	2	2
Neurons_GABA 2 (Gucy1a3)	C185-148: Pex5l.Ermn.Oligodendrocytes	19	234	3	0.157894736842105	0.0128205128205128	11	11	1	43	43
Neurons_GABA 2 (Gucy1a3)	C185-4: Pitx2.Irx5.GLU-2	19	1	1	0.0526315789473684	1	11	11	1	1	1
Neurons_GABA 2 (Gucy1a3)	C185-64: Meis2.Mixed.GABA-2	19	37	5	0.263157894736842	0.135135135135135	11	11	1	13	13
Neurons_GABA 2 (Gucy1a3)	C185-107: Zeb2.Lhx8.GABA-1	19	3	1	0.0526315789473684	0.333333333333333	11	11	1	3	3
Neurons_GABA 2 (Gucy1a3)	C185-111: Tac2.Nts.GABA-1	19	4	2	0.105263157894737	0.5	11	11	1	3	3
Neurons_GABA 2 (Gucy1a3)	C185-70: Otx2.Mixed.GABA-2	19	2	1	0.0526315789473684	0.5	11	11	1	2	2
Neurons_GABA 2 (Gucy1a3)	C185-100: Dlx1.Lhx6.GABA-1	19	18	1	0.0526315789473684	0.0555555555555556	11	11	1	8	8
Neurons_GABA 2 (Gucy1a3)	C185-183: Slc6a13.Dcn.Fibroblasts	19	20	1	0.0526315789473684	0.05	11	11	1	5	5
Neurons_GABA 2 (Gucy1a3)	C185-25: Satb2.Cd40.GLU-3	19	2	1	0.0526315789473684	0.5	11	11	1	2	2
Neurons_GABA 2 (Gucy1a3)	C185-177: Slco1a4.Endothelial	19	115	1	0.0526315789473684	0.00869565217391304	11	11	1	8	8
Neurons_GABA 2 (Gucy1a3)	C185-146: Myt1l.Lgals3.Astrocytes	19	28	2	0.105263157894737	0.0714285714285714	11	11	1	14	14
Neurons_GABA 3 (Crh+/-, Lhx6)	C185-111: Tac2.Nts.GABA-1	20	4	1	0.05	0.25	10	10	1	3	3
Neurons_GABA 3 (Crh+/-, Lhx6)	C185-100: Dlx1.Lhx6.GABA-1	20	18	8	0.4	0.444444444444444	10	10	1	8	8
Neurons_GABA 3 (Crh+/-, Lhx6)	C185-106: Sox6.Lhx8.GABA-1	20	4	1	0.05	0.25	10	10	1	4	4
Neurons_GABA 3 (Crh+/-, Lhx6)	C185-64: Meis2.Mixed.GABA-2	20	37	3	0.15	0.0810810810810811	10	10	1	13	13
Neurons_GABA 3 (Crh+/-, Lhx6)	C185-152: Mal.Ermn.Oligodendrocytes	20	297	1	0.05	0.00336700336700337	10	10	1	5	5
Neurons_GABA 3 (Crh+/-, Lhx6)	C185-86: Tmem114.Lef1.GABA-1	20	4	1	0.05	0.25	10	10	1	4	4
Neurons_GABA 3 (Crh+/-, Lhx6)	C185-53: Ebf3.Caprin2.GLU-6	20	24	1	0.05	0.0416666666666667	10	10	1	7	7
Neurons_GABA 3 (Crh+/-, Lhx6)	C185-66: Unassigned.Mixed.GABA-2	20	5	2	0.1	0.4	10	10	1	4	4
Neurons_GABA 3 (Crh+/-, Lhx6)	C185-129: Nr5a2.Satb2.GABA-6	20	3	1	0.05	0.333333333333333	10	10	1	3	3
Neurons_GABA 3 (Crh+/-, Lhx6)	C185-146: Myt1l.Lgals3.Astrocytes	20	28	1	0.05	0.0357142857142857	10	10	1	14	14
Neurons_GABA 4 (Crh+/-,Pgr15l)	C185-113: Nkx2-4.GABA-3	24	3	1	0.0416666666666667	0.333333333333333	19	19	1	3	3
Neurons_GABA 4 (Crh+/-,Pgr15l)	C185-148: Pex5l.Ermn.Oligodendrocytes	24	234	3	0.125	0.0128205128205128	19	19	1	43	43
Neurons_GABA 4 (Crh+/-,Pgr15l)	C185-98: Pbx3.Lhx6.GABA-1	24	2	1	0.0416666666666667	0.5	19	19	1	2	2
Neurons_GABA 4 (Crh+/-,Pgr15l)	C185-64: Meis2.Mixed.GABA-2	24	37	1	0.0416666666666667	0.027027027027027	19	19	1	13	13
Neurons_GABA 4 (Crh+/-,Pgr15l)	C185-97: St18.Lhx6.GABA-1	24	2	1	0.0416666666666667	0.5	19	19	1	2	2
Neurons_GABA 4 (Crh+/-,Pgr15l)	C185-67: Pnoc.Mixed.GABA-2	24	25	1	0.0416666666666667	0.04	19	19	1	7	7
Neurons_GABA 4 (Crh+/-,Pgr15l)	C185-110: Gpr50.Nts.GABA-1	24	3	2	0.0833333333333333	0.666666666666667	19	19	1	2	2
Neurons_GABA 4 (Crh+/-,Pgr15l)	C185-129: Nr5a2.Satb2.GABA-6	24	3	1	0.0416666666666667	0.333333333333333	19	19	1	3	3
Neurons_GABA 4 (Crh+/-,Pgr15l)	C185-99: Piezo2.Lhx6.GABA-1	24	6	3	0.125	0.5	19	19	1	3	3
Neurons_GABA 4 (Crh+/-,Pgr15l)	C185-54: Oxt.Caprin2.GLU-6	24	37	1	0.0416666666666667	0.027027027027027	19	19	1	12	12
Neurons_GABA 4 (Crh+/-,Pgr15l)	C185-11: Cbln2.Trh.GLU-2	24	48	1	0.0416666666666667	0.0208333333333333	19	19	1	11	11
Neurons_GABA 4 (Crh+/-,Pgr15l)	C185-80: Aldh3b2.GABA-2	24	3	1	0.0416666666666667	0.333333333333333	19	19	1	3	3
Neurons_GABA 4 (Crh+/-,Pgr15l)	C185-42: Lhx9.Mixed.GLU-4	24	7	1	0.0416666666666667	0.142857142857143	19	19	1	5	5
Neurons_GABA 4 (Crh+/-,Pgr15l)	C185-156: Bmp4.Gpr17.Oligodendrocytes	24	48	1	0.0416666666666667	0.0208333333333333	19	19	1	9	9
Neurons_GABA 4 (Crh+/-,Pgr15l)	C185-77: Arx.Lhx1.GABA-2	24	3	1	0.0416666666666667	0.333333333333333	19	19	1	2	2
Neurons_GABA 4 (Crh+/-,Pgr15l)	C185-75: Pmfbp1.Onecut2.GABA-2	24	3	1	0.0416666666666667	0.333333333333333	19	19	1	3	3
Neurons_GABA 4 (Crh+/-,Pgr15l)	C185-88: Sox14.Lef1.GABA-1	24	3	1	0.0416666666666667	0.333333333333333	19	19	1	3	3
Neurons_GABA 4 (Crh+/-,Pgr15l)	C185-86: Tmem114.Lef1.GABA-1	24	4	1	0.0416666666666667	0.25	19	19	1	4	4
Neurons_GABA 4 (Crh+/-,Pgr15l)	C185-175: Kcnj8.Mural	24	7	1	0.0416666666666667	0.142857142857143	19	19	1	7	7
Neurons_GABA 5 (Calcr, Lhx1)	C185-127: Nfix.Satb2.GABA-6	32	8	3	0.09375	0.375	19	19	1	6	6
Neurons_GABA 5 (Calcr, Lhx1)	C185-118: Otp.Sst.GABA-4	32	2	1	0.03125	0.5	19	19	1	2	2
Neurons_GABA 5 (Calcr, Lhx1)	C185-108: Gal.Nts.GABA-1	32	40	3	0.09375	0.075	19	19	1	11	11
Neurons_GABA 5 (Calcr, Lhx1)	C185-100: Dlx1.Lhx6.GABA-1	32	18	1	0.03125	0.0555555555555556	19	19	1	8	8
Neurons_GABA 5 (Calcr, Lhx1)	C185-128: Slc6a3.Satb2.GABA-6	32	7	4	0.125	0.571428571428571	19	19	1	3	3
Neurons_GABA 5 (Calcr, Lhx1)	C185-109: Ecel1.Nts.GABA-1	32	5	1	0.03125	0.2	19	19	1	4	4
Neurons_GABA 5 (Calcr, Lhx1)	C185-47: Hcrt.Rfx4.GLU-4	32	11	1	0.03125	0.0909090909090909	19	19	1	4	4
Neurons_GABA 5 (Calcr, Lhx1)	C185-105: Lhx6.Lhx8.GABA-1	32	2	1	0.03125	0.5	19	19	1	2	2
Neurons_GABA 5 (Calcr, Lhx1)	C185-148: Pex5l.Ermn.Oligodendrocytes	32	234	3	0.09375	0.0128205128205128	19	19	1	43	43
Neurons_GABA 5 (Calcr, Lhx1)	C185-9: Ebf3.Nxph4.GLU-2	32	17	2	0.0625	0.117647058823529	19	19	1	8	8
Neurons_GABA 5 (Calcr, Lhx1)	C185-114: Ghrh.GABA-3	32	3	1	0.03125	0.333333333333333	19	19	1	3	3
Neurons_GABA 5 (Calcr, Lhx1)	C185-63: Thrsp.Mixed.GABA-2	32	5	1	0.03125	0.2	19	19	1	4	4
Neurons_GABA 5 (Calcr, Lhx1)	C185-11: Cbln2.Trh.GLU-2	32	48	3	0.09375	0.0625	19	19	1	11	11
Neurons_GABA 5 (Calcr, Lhx1)	C185-7: Stk26.Nxph4.GLU-2	32	3	1	0.03125	0.333333333333333	19	19	1	3	3
Neurons_GABA 5 (Calcr, Lhx1)	C185-159: Pdgfra.OPC	32	8	2	0.0625	0.25	19	19	1	4	4
Neurons_GABA 5 (Calcr, Lhx1)	C185-18: Meis2.Samd3.GLU-2	32	10	1	0.03125	0.1	19	19	1	9	9
Neurons_GABA 5 (Calcr, Lhx1)	C185-72: Fam122b.Vipr2.GABA-2	32	18	1	0.03125	0.0555555555555556	19	19	1	8	8
Neurons_GABA 5 (Calcr, Lhx1)	C185-23: Arhgap36.Fezf1.GLU-3	32	3	1	0.03125	0.333333333333333	19	19	1	3	3
Neurons_GABA 5 (Calcr, Lhx1)	C185-147: Gfap.Lgals3.Astrocytes	32	2	1	0.03125	0.5	19	19	1	2	2
Neurons_GABA 6 (Otof, Lhx1)	C185-146: Myt1l.Lgals3.Astrocytes	24	28	1	0.0416666666666667	0.0357142857142857	18	18	1	14	14
Neurons_GABA 6 (Otof, Lhx1)	C185-99: Piezo2.Lhx6.GABA-1	24	6	2	0.0833333333333333	0.333333333333333	18	18	1	3	3
Neurons_GABA 6 (Otof, Lhx1)	C185-67: Pnoc.Mixed.GABA-2	24	25	3	0.125	0.12	18	18	1	7	7
Neurons_GABA 6 (Otof, Lhx1)	C185-65: Unassigned.Mixed.GABA-2	24	2	1	0.0416666666666667	0.5	18	18	1	2	2
Neurons_GABA 6 (Otof, Lhx1)	C185-129: Nr5a2.Satb2.GABA-6	24	3	1	0.0416666666666667	0.333333333333333	18	18	1	3	3
Neurons_GABA 6 (Otof, Lhx1)	C185-56: Pmch.GLU-7	24	8	1	0.0416666666666667	0.125	18	18	1	5	5
Neurons_GABA 6 (Otof, Lhx1)	C185-54: Oxt.Caprin2.GLU-6	24	37	1	0.0416666666666667	0.027027027027027	18	18	1	12	12
Neurons_GABA 6 (Otof, Lhx1)	C185-100: Dlx1.Lhx6.GABA-1	24	18	2	0.0833333333333333	0.111111111111111	18	18	1	8	8
Neurons_GABA 6 (Otof, Lhx1)	C185-13: Ebf2.Trh.GLU-2	24	2	1	0.0416666666666667	0.5	18	18	1	2	2
Neurons_GABA 6 (Otof, Lhx1)	C185-79: Cd24a.Lhx1.GABA-2	24	4	1	0.0416666666666667	0.25	18	18	1	3	3
Neurons_GABA 6 (Otof, Lhx1)	C185-128: Slc6a3.Satb2.GABA-6	24	7	2	0.0833333333333333	0.285714285714286	18	18	1	3	3
Neurons_GABA 6 (Otof, Lhx1)	C185-18: Meis2.Samd3.GLU-2	24	10	2	0.0833333333333333	0.2	18	18	1	9	9
Neurons_GABA 6 (Otof, Lhx1)	C185-148: Pex5l.Ermn.Oligodendrocytes	24	234	1	0.0416666666666667	0.00427350427350427	18	18	1	43	43
Neurons_GABA 6 (Otof, Lhx1)	C185-73: Cck.Vipr2.GABA-2	24	7	1	0.0416666666666667	0.142857142857143	18	18	1	4	4
Neurons_GABA 6 (Otof, Lhx1)	C185-12: Ebf1.Trh.GLU-2	24	11	1	0.0416666666666667	0.0909090909090909	18	18	1	8	8
Neurons_GABA 6 (Otof, Lhx1)	C185-142: Unassigned.Etnppl.Astrocytes	24	12	1	0.0416666666666667	0.0833333333333333	18	18	1	9	9
Neurons_GABA 6 (Otof, Lhx1)	C185-127: Nfix.Satb2.GABA-6	24	8	1	0.0416666666666667	0.125	18	18	1	6	6
Neurons_GABA 6 (Otof, Lhx1)	C185-20: Lmx1a.GLU-2	24	5	1	0.0416666666666667	0.2	18	18	1	5	5
Neurons_GABA 7 (Pomc+/-)	C185-148: Pex5l.Ermn.Oligodendrocytes	27	234	2	0.0740740740740741	0.00854700854700855	18	18	1	43	43
Neurons_GABA 7 (Pomc+/-)	C185-48: Anxa2.Pomc.GLU-5	27	13	4	0.148148148148148	0.307692307692308	18	18	1	7	7
Neurons_GABA 7 (Pomc+/-)	C185-64: Meis2.Mixed.GABA-2	27	37	2	0.0740740740740741	0.0540540540540541	18	18	1	13	13
Neurons_GABA 7 (Pomc+/-)	C185-65: Unassigned.Mixed.GABA-2	27	2	1	0.037037037037037	0.5	18	18	1	2	2
Neurons_GABA 7 (Pomc+/-)	C185-146: Myt1l.Lgals3.Astrocytes	27	28	2	0.0740740740740741	0.0714285714285714	18	18	1	14	14
Neurons_GABA 7 (Pomc+/-)	C185-50: Ttr.Pomc.GLU-5	27	2	1	0.037037037037037	0.5	18	18	1	2	2
Neurons_GABA 7 (Pomc+/-)	C185-109: Ecel1.Nts.GABA-1	27	5	1	0.037037037037037	0.2	18	18	1	4	4
Neurons_GABA 7 (Pomc+/-)	C185-91: Gal.Hmcn1.GABA-1	27	18	1	0.037037037037037	0.0555555555555556	18	18	1	6	6
Neurons_GABA 7 (Pomc+/-)	C185-18: Meis2.Samd3.GLU-2	27	10	1	0.037037037037037	0.1	18	18	1	9	9
Neurons_GABA 7 (Pomc+/-)	C185-156: Bmp4.Gpr17.Oligodendrocytes	27	48	1	0.037037037037037	0.0208333333333333	18	18	1	9	9
Neurons_GABA 7 (Pomc+/-)	C185-54: Oxt.Caprin2.GLU-6	27	37	1	0.037037037037037	0.027027027027027	18	18	1	12	12
Neurons_GABA 7 (Pomc+/-)	C185-67: Pnoc.Mixed.GABA-2	27	25	2	0.0740740740740741	0.08	18	18	1	7	7
Neurons_GABA 7 (Pomc+/-)	C185-142: Unassigned.Etnppl.Astrocytes	27	12	1	0.037037037037037	0.0833333333333333	18	18	1	9	9
Neurons_GABA 7 (Pomc+/-)	C185-100: Dlx1.Lhx6.GABA-1	27	18	2	0.0740740740740741	0.111111111111111	18	18	1	8	8
Neurons_GABA 7 (Pomc+/-)	C185-30: Hmcn2.Gpr149.GLU-3	27	13	2	0.0740740740740741	0.153846153846154	18	18	1	10	10
Neurons_GABA 7 (Pomc+/-)	C185-103: Vgll3.Tbx3.GABA-1	27	3	1	0.037037037037037	0.333333333333333	18	18	1	3	3
Neurons_GABA 7 (Pomc+/-)	C185-120: Pou3f1.Sst.GABA-4	27	1	1	0.037037037037037	1	18	18	1	1	1
Neurons_GABA 7 (Pomc+/-)	C185-7: Stk26.Nxph4.GLU-2	27	3	1	0.037037037037037	0.333333333333333	18	18	1	3	3
Neurons_GABA 8	C185-100: Dlx1.Lhx6.GABA-1	15	18	1	0.0666666666666667	0.0555555555555556	6	6	1	8	8
Neurons_GABA 8	C185-67: Pnoc.Mixed.GABA-2	15	25	9	0.6	0.36	6	6	1	7	7
Neurons_GABA 8	C185-63: Thrsp.Mixed.GABA-2	15	5	1	0.0666666666666667	0.2	6	6	1	4	4
Neurons_GABA 8	C185-148: Pex5l.Ermn.Oligodendrocytes	15	234	1	0.0666666666666667	0.00427350427350427	6	6	1	43	43
Neurons_GABA 8	C185-106: Sox6.Lhx8.GABA-1	15	4	1	0.0666666666666667	0.25	6	6	1	4	4
Neurons_GABA 8	C185-44: Lpar1.GLU-4	15	4	2	0.133333333333333	0.5	6	6	1	3	3
Neurons_GABA 9	C185-67: Pnoc.Mixed.GABA-2	22	25	8	0.363636363636364	0.32	10	10	1	7	7
Neurons_GABA 9	C185-146: Myt1l.Lgals3.Astrocytes	22	28	1	0.0454545454545455	0.0357142857142857	10	10	1	14	14
Neurons_GABA 9	C185-12: Ebf1.Trh.GLU-2	22	11	1	0.0454545454545455	0.0909090909090909	10	10	1	8	8
Neurons_GABA 9	C185-48: Anxa2.Pomc.GLU-5	22	13	2	0.0909090909090909	0.153846153846154	10	10	1	7	7
Neurons_GABA 9	C185-148: Pex5l.Ermn.Oligodendrocytes	22	234	2	0.0909090909090909	0.00854700854700855	10	10	1	43	43
Neurons_GABA 9	C185-107: Zeb2.Lhx8.GABA-1	22	3	1	0.0454545454545455	0.333333333333333	10	10	1	3	3
Neurons_GABA 9	C185-108: Gal.Nts.GABA-1	22	40	4	0.181818181818182	0.1	10	10	1	11	11
Neurons_GABA 9	C185-127: Nfix.Satb2.GABA-6	22	8	1	0.0454545454545455	0.125	10	10	1	6	6
Neurons_GABA 9	C185-103: Vgll3.Tbx3.GABA-1	22	3	1	0.0454545454545455	0.333333333333333	10	10	1	3	3
Neurons_GABA 9	C185-100: Dlx1.Lhx6.GABA-1	22	18	1	0.0454545454545455	0.0555555555555556	10	10	1	8	8
Neurons_GABA1	C185-74: Onecut3.Onecut2.GABA-2	14	5	4	0.285714285714286	0.8	10	10	1	2	2
Neurons_GABA1	C185-68: C1ql2.Mixed.GABA-2	14	3	1	0.0714285714285714	0.333333333333333	10	10	1	3	3
Neurons_GABA1	C185-146: Myt1l.Lgals3.Astrocytes	14	28	2	0.142857142857143	0.0714285714285714	10	10	1	14	14
Neurons_GABA1	C185-97: St18.Lhx6.GABA-1	14	2	1	0.0714285714285714	0.5	10	10	1	2	2
Neurons_GABA1	C185-183: Slc6a13.Dcn.Fibroblasts	14	20	1	0.0714285714285714	0.05	10	10	1	5	5
Neurons_GABA1	C185-148: Pex5l.Ermn.Oligodendrocytes	14	234	1	0.0714285714285714	0.00427350427350427	10	10	1	43	43
Neurons_GABA1	C185-66: Unassigned.Mixed.GABA-2	14	5	1	0.0714285714285714	0.2	10	10	1	4	4
Neurons_GABA1	C185-70: Otx2.Mixed.GABA-2	14	2	1	0.0714285714285714	0.5	10	10	1	2	2
Neurons_GABA1	C185-142: Unassigned.Etnppl.Astrocytes	14	12	1	0.0714285714285714	0.0833333333333333	10	10	1	9	9
Neurons_GABA1	C185-64: Meis2.Mixed.GABA-2	14	37	1	0.0714285714285714	0.027027027027027	10	10	1	13	13
Neurons_Gad-low, Gnrh-/+	C185-62: Gnrh1.GLU-9	9	1	1	0.111111111111111	1	8	8	1	1	1
Neurons_Gad-low, Gnrh-/+	C185-9: Ebf3.Nxph4.GLU-2	9	17	1	0.111111111111111	0.0588235294117647	8	8	1	8	8
Neurons_Gad-low, Gnrh-/+	C185-106: Sox6.Lhx8.GABA-1	9	4	1	0.111111111111111	0.25	8	8	1	4	4
Neurons_Gad-low, Gnrh-/+	C185-160: Dividing.OPC	9	5	1	0.111111111111111	0.2	8	8	1	4	4
Neurons_Gad-low, Gnrh-/+	C185-128: Slc6a3.Satb2.GABA-6	9	7	1	0.111111111111111	0.142857142857143	8	8	1	3	3
Neurons_Gad-low, Gnrh-/+	C185-127: Nfix.Satb2.GABA-6	9	8	1	0.111111111111111	0.125	8	8	1	6	6
Neurons_Gad-low, Gnrh-/+	C185-73: Cck.Vipr2.GABA-2	9	7	2	0.222222222222222	0.285714285714286	8	8	1	4	4
Neurons_Gad-low, Gnrh-/+	C185-148: Pex5l.Ermn.Oligodendrocytes	9	234	1	0.111111111111111	0.00427350427350427	8	8	1	43	43
Neurons_Ghrh	C185-20: Lmx1a.GLU-2	3	5	1	0.333333333333333	0.2	3	3	1	5	5
Neurons_Ghrh	C185-47: Hcrt.Rfx4.GLU-4	3	11	1	0.333333333333333	0.0909090909090909	3	3	1	4	4
Neurons_Ghrh	C185-40: Adcyap1.GLU-3	3	2	1	0.333333333333333	0.5	3	3	1	2	2
Neurons_Hcrt	C185-1: Shox2.GLU-1	14	163	1	0.0714285714285714	0.00613496932515337	5	5	1	26	26
Neurons_Hcrt	C185-46: Qrfp.Rfx4.GLU-4	14	11	3	0.214285714285714	0.272727272727273	5	5	1	6	6
Neurons_Hcrt	C185-47: Hcrt.Rfx4.GLU-4	14	11	8	0.571428571428571	0.727272727272727	5	5	1	4	4
Neurons_Hcrt	C185-56: Pmch.GLU-7	14	8	1	0.0714285714285714	0.125	5	5	1	5	5
Neurons_Hcrt	C185-178: Vtn.Endothelial	14	61	1	0.0714285714285714	0.0163934426229508	5	5	1	4	4
Neurons_Hmit+/-	C185-66: Unassigned.Mixed.GABA-2	24	5	1	0.0416666666666667	0.2	16	16	1	4	4
Neurons_Hmit+/-	C185-72: Fam122b.Vipr2.GABA-2	24	18	3	0.125	0.166666666666667	16	16	1	8	8
Neurons_Hmit+/-	C185-91: Gal.Hmcn1.GABA-1	24	18	1	0.0416666666666667	0.0555555555555556	16	16	1	6	6
Neurons_Hmit+/-	C185-86: Tmem114.Lef1.GABA-1	24	4	1	0.0416666666666667	0.25	16	16	1	4	4
Neurons_Hmit+/-	C185-146: Myt1l.Lgals3.Astrocytes	24	28	1	0.0416666666666667	0.0357142857142857	16	16	1	14	14
Neurons_Hmit+/-	C185-139: Itih3.Etnppl.Astrocytes	24	46	2	0.0833333333333333	0.0434782608695652	16	16	1	3	3
Neurons_Hmit+/-	C185-46: Qrfp.Rfx4.GLU-4	24	11	2	0.0833333333333333	0.181818181818182	16	16	1	6	6
Neurons_Hmit+/-	C185-45: Npvf.Rfx4.GLU-4	24	7	1	0.0416666666666667	0.142857142857143	16	16	1	3	3
Neurons_Hmit+/-	C185-8: Nfia.Nxph4.GLU-2	24	2	1	0.0416666666666667	0.5	16	16	1	2	2
Neurons_Hmit+/-	C185-17: Gng8.Samd3.GLU-2	24	6	1	0.0416666666666667	0.166666666666667	16	16	1	5	5
Neurons_Hmit+/-	C185-42: Lhx9.Mixed.GLU-4	24	7	1	0.0416666666666667	0.142857142857143	16	16	1	5	5
Neurons_Hmit+/-	C185-148: Pex5l.Ermn.Oligodendrocytes	24	234	2	0.0833333333333333	0.00854700854700855	16	16	1	43	43
Neurons_Hmit+/-	C185-73: Cck.Vipr2.GABA-2	24	7	3	0.125	0.428571428571429	16	16	1	4	4
Neurons_Hmit+/-	C185-108: Gal.Nts.GABA-1	24	40	2	0.0833333333333333	0.05	16	16	1	11	11
Neurons_Hmit+/-	C185-1: Shox2.GLU-1	24	163	1	0.0416666666666667	0.00613496932515337	16	16	1	26	26
Neurons_Hmit+/-	C185-159: Pdgfra.OPC	24	8	1	0.0416666666666667	0.125	16	16	1	4	4
Neurons_Npvf	C185-45: Npvf.Rfx4.GLU-4	6	7	5	0.833333333333333	0.714285714285714	2	2	1	3	3
Neurons_Npvf	C185-46: Qrfp.Rfx4.GLU-4	6	11	1	0.166666666666667	0.0909090909090909	2	2	1	6	6
Neurons_Oxytocin 1	C185-54: Oxt.Caprin2.GLU-6	9	37	7	0.777777777777778	0.189189189189189	2	2	1	12	12
Neurons_Oxytocin 1	C185-11: Cbln2.Trh.GLU-2	9	48	2	0.222222222222222	0.0416666666666667	2	2	1	11	11
Neurons_Oxytocin 2	C185-54: Oxt.Caprin2.GLU-6	7	37	7	1	0.189189189189189	1	1	1	12	12
Neurons_Oxytocin 3	C185-54: Oxt.Caprin2.GLU-6	11	37	6	0.545454545454545	0.162162162162162	6	6	1	12	12
Neurons_Oxytocin 3	C185-148: Pex5l.Ermn.Oligodendrocytes	11	234	1	0.0909090909090909	0.00427350427350427	6	6	1	43	43
Neurons_Oxytocin 3	C185-16: Tent5a.GLU-2	11	27	1	0.0909090909090909	0.037037037037037	6	6	1	9	9
Neurons_Oxytocin 3	C185-167: Top2a.Tmem119.Immune	11	1	1	0.0909090909090909	1	6	6	1	1	1
Neurons_Oxytocin 3	C185-175: Kcnj8.Mural	11	7	1	0.0909090909090909	0.142857142857143	6	6	1	7	7
Neurons_Oxytocin 3	C185-135: Cdhr4.Ependymal	11	297	1	0.0909090909090909	0.00336700336700337	6	6	1	7	7
Neurons_Oxytocin 4	C185-9: Ebf3.Nxph4.GLU-2	10	17	1	0.1	0.0588235294117647	4	4	1	8	8
Neurons_Oxytocin 4	C185-54: Oxt.Caprin2.GLU-6	10	37	7	0.7	0.189189189189189	4	4	1	12	12
Neurons_Oxytocin 4	C185-16: Tent5a.GLU-2	10	27	1	0.1	0.037037037037037	4	4	1	9	9
Neurons_Oxytocin 4	C185-140: Gjb6.Etnppl.Astrocytes	10	4	1	0.1	0.25	4	4	1	2	2
Neurons_Pmch	C185-56: Pmch.GLU-7	4	8	4	1	0.5	1	1	1	5	5
Neurons_Qrfp	C185-46: Qrfp.Rfx4.GLU-4	3	11	2	0.666666666666667	0.181818181818182	2	2	1	6	6
Neurons_Qrfp	C185-23: Arhgap36.Fezf1.GLU-3	3	3	1	0.333333333333333	0.333333333333333	2	2	1	3	3
Neurons_Sst 1, low	C185-16: Tent5a.GLU-2	17	27	3	0.176470588235294	0.111111111111111	10	10	1	9	9
Neurons_Sst 1, low	C185-9: Ebf3.Nxph4.GLU-2	17	17	1	0.0588235294117647	0.0588235294117647	10	10	1	8	8
Neurons_Sst 1, low	C185-82: Tbx19.Il1rapl2.GABA-1	17	4	1	0.0588235294117647	0.25	10	10	1	4	4
Neurons_Sst 1, low	C185-11: Cbln2.Trh.GLU-2	17	48	3	0.176470588235294	0.0625	10	10	1	11	11
Neurons_Sst 1, low	C185-77: Arx.Lhx1.GABA-2	17	3	2	0.117647058823529	0.666666666666667	10	10	1	2	2
Neurons_Sst 1, low	C185-46: Qrfp.Rfx4.GLU-4	17	11	2	0.117647058823529	0.181818181818182	10	10	1	6	6
Neurons_Sst 1, low	C185-76: Slc6a3.Onecut2.GABA-2	17	17	1	0.0588235294117647	0.0588235294117647	10	10	1	6	6
Neurons_Sst 1, low	C185-32: Bcl11b.Gpr149.GLU-3	17	2	1	0.0588235294117647	0.5	10	10	1	2	2
Neurons_Sst 1, low	C185-30: Hmcn2.Gpr149.GLU-3	17	13	1	0.0588235294117647	0.0769230769230769	10	10	1	10	10
Neurons_Sst 1, low	C185-148: Pex5l.Ermn.Oligodendrocytes	17	234	2	0.117647058823529	0.00854700854700855	10	10	1	43	43
Neurons_Sst 2, high	C185-16: Tent5a.GLU-2	9	27	8	0.888888888888889	0.296296296296296	2	2	1	9	9
Neurons_Sst 2, high	C185-12: Ebf1.Trh.GLU-2	9	11	1	0.111111111111111	0.0909090909090909	2	2	1	8	8
Neurons_Sst 3, medium	C185-64: Meis2.Mixed.GABA-2	12	37	1	0.0833333333333333	0.027027027027027	6	6	1	13	13
Neurons_Sst 3, medium	C185-16: Tent5a.GLU-2	12	27	7	0.583333333333333	0.259259259259259	6	6	1	9	9
Neurons_Sst 3, medium	C185-160: Dividing.OPC	12	5	1	0.0833333333333333	0.2	6	6	1	4	4
Neurons_Sst 3, medium	C185-148: Pex5l.Ermn.Oligodendrocytes	12	234	1	0.0833333333333333	0.00427350427350427	6	6	1	43	43
Neurons_Sst 3, medium	C185-45: Npvf.Rfx4.GLU-4	12	7	1	0.0833333333333333	0.142857142857143	6	6	1	3	3
Neurons_Sst 3, medium	C185-177: Slco1a4.Endothelial	12	115	1	0.0833333333333333	0.00869565217391304	6	6	1	8	8
Neurons_Trh 1 (low)	C185-76: Slc6a3.Onecut2.GABA-2	26	17	2	0.0769230769230769	0.117647058823529	10	10	1	6	6
Neurons_Trh 1 (low)	C185-108: Gal.Nts.GABA-1	26	40	1	0.0384615384615385	0.025	10	10	1	11	11
Neurons_Trh 1 (low)	C185-146: Myt1l.Lgals3.Astrocytes	26	28	1	0.0384615384615385	0.0357142857142857	10	10	1	14	14
Neurons_Trh 1 (low)	C185-11: Cbln2.Trh.GLU-2	26	48	12	0.461538461538462	0.25	10	10	1	11	11
Neurons_Trh 1 (low)	C185-1: Shox2.GLU-1	26	163	1	0.0384615384615385	0.00613496932515337	10	10	1	26	26
Neurons_Trh 1 (low)	C185-12: Ebf1.Trh.GLU-2	26	11	3	0.115384615384615	0.272727272727273	10	10	1	8	8
Neurons_Trh 1 (low)	C185-14: Syt2.Trh.GLU-2	26	3	1	0.0384615384615385	0.333333333333333	10	10	1	3	3
Neurons_Trh 1 (low)	C185-17: Gng8.Samd3.GLU-2	26	6	2	0.0769230769230769	0.333333333333333	10	10	1	5	5
Neurons_Trh 1 (low)	C185-148: Pex5l.Ermn.Oligodendrocytes	26	234	2	0.0769230769230769	0.00854700854700855	10	10	1	43	43
Neurons_Trh 1 (low)	C185-13: Ebf2.Trh.GLU-2	26	2	1	0.0384615384615385	0.5	10	10	1	2	2
Neurons_Trh 2 (medium)	C185-11: Cbln2.Trh.GLU-2	20	48	15	0.75	0.3125	5	5	1	11	11
Neurons_Trh 2 (medium)	C185-12: Ebf1.Trh.GLU-2	20	11	2	0.1	0.181818181818182	5	5	1	8	8
Neurons_Trh 2 (medium)	C185-148: Pex5l.Ermn.Oligodendrocytes	20	234	1	0.05	0.00427350427350427	5	5	1	43	43
Neurons_Trh 2 (medium)	C185-16: Tent5a.GLU-2	20	27	1	0.05	0.037037037037037	5	5	1	9	9
Neurons_Trh 2 (medium)	C185-175: Kcnj8.Mural	20	7	1	0.05	0.142857142857143	5	5	1	7	7
Neurons_Trh 3 (high)	C185-11: Cbln2.Trh.GLU-2	9	48	7	0.777777777777778	0.145833333333333	3	3	1	11	11
Neurons_Trh 3 (high)	C185-14: Syt2.Trh.GLU-2	9	3	1	0.111111111111111	0.333333333333333	3	3	1	3	3
Neurons_Trh 3 (high)	C185-148: Pex5l.Ermn.Oligodendrocytes	9	234	1	0.111111111111111	0.00427350427350427	3	3	1	43	43
Neurons_Vglut2 1 (Penk)	C185-170: F13a1.Immune	2	30	1	0.5	0.0333333333333333	2	2	1	3	3
Neurons_Vglut2 1 (Penk)	C185-1: Shox2.GLU-1	2	163	1	0.5	0.00613496932515337	2	2	1	26	26
Neurons_Vglut2 10 (Morn4,Prrc2a)	C185-1: Shox2.GLU-1	3	163	1	0.333333333333333	0.00613496932515337	3	3	1	26	26
Neurons_Vglut2 10 (Morn4,Prrc2a)	C185-148: Pex5l.Ermn.Oligodendrocytes	3	234	1	0.333333333333333	0.00427350427350427	3	3	1	43	43
Neurons_Vglut2 10 (Morn4,Prrc2a)	C185-9: Ebf3.Nxph4.GLU-2	3	17	1	0.333333333333333	0.0588235294117647	3	3	1	8	8
Neurons_Vglut2 11	C185-1: Shox2.GLU-1	12	163	9	0.75	0.0552147239263804	4	4	1	26	26
Neurons_Vglut2 11	C185-135: Cdhr4.Ependymal	12	297	1	0.0833333333333333	0.00336700336700337	4	4	1	7	7
Neurons_Vglut2 11	C185-178: Vtn.Endothelial	12	61	1	0.0833333333333333	0.0163934426229508	4	4	1	4	4
Neurons_Vglut2 11	C185-176: Acta2.Mural	12	63	1	0.0833333333333333	0.0158730158730159	4	4	1	4	4
Neurons_Vglut2 12 (Mgat4b)	C185-1: Shox2.GLU-1	4	163	3	0.75	0.0184049079754601	2	2	1	26	26
Neurons_Vglut2 12 (Mgat4b)	C185-148: Pex5l.Ermn.Oligodendrocytes	4	234	1	0.25	0.00427350427350427	2	2	1	43	43
Neurons_Vglut2 13(Ninl,Rfx5,Zfp346)	C185-1: Shox2.GLU-1	5	163	2	0.4	0.0122699386503067	4	4	1	26	26
Neurons_Vglut2 13(Ninl,Rfx5,Zfp346)	C185-148: Pex5l.Ermn.Oligodendrocytes	5	234	1	0.2	0.00427350427350427	4	4	1	43	43
Neurons_Vglut2 13(Ninl,Rfx5,Zfp346)	C185-30: Hmcn2.Gpr149.GLU-3	5	13	1	0.2	0.0769230769230769	4	4	1	10	10
Neurons_Vglut2 13(Ninl,Rfx5,Zfp346)	C185-18: Meis2.Samd3.GLU-2	5	10	1	0.2	0.1	4	4	1	9	9
Neurons_Vglut2 14 (Col9a2)	C185-146: Myt1l.Lgals3.Astrocytes	5	28	1	0.2	0.0357142857142857	5	5	1	14	14
Neurons_Vglut2 14 (Col9a2)	C185-142: Unassigned.Etnppl.Astrocytes	5	12	1	0.2	0.0833333333333333	5	5	1	9	9
Neurons_Vglut2 14 (Col9a2)	C185-1: Shox2.GLU-1	5	163	1	0.2	0.00613496932515337	5	5	1	26	26
Neurons_Vglut2 14 (Col9a2)	C185-148: Pex5l.Ermn.Oligodendrocytes	5	234	1	0.2	0.00427350427350427	5	5	1	43	43
Neurons_Vglut2 14 (Col9a2)	C185-7: Stk26.Nxph4.GLU-2	5	3	1	0.2	0.333333333333333	5	5	1	3	3
Neurons_Vglut2 15 (Hcn1,6430411K18Rik)	C185-1: Shox2.GLU-1	4	163	1	0.25	0.00613496932515337	4	4	1	26	26
Neurons_Vglut2 15 (Hcn1,6430411K18Rik)	C185-18: Meis2.Samd3.GLU-2	4	10	1	0.25	0.1	4	4	1	9	9
Neurons_Vglut2 15 (Hcn1,6430411K18Rik)	C185-165: Wfdc17.Tmem119.Immune	4	4	1	0.25	0.25	4	4	1	3	3
Neurons_Vglut2 15 (Hcn1,6430411K18Rik)	C185-12: Ebf1.Trh.GLU-2	4	11	1	0.25	0.0909090909090909	4	4	1	8	8
Neurons_Vglut2 16 (Gm5595, Tnr)	C185-156: Bmp4.Gpr17.Oligodendrocytes	3	48	1	0.333333333333333	0.0208333333333333	3	3	1	9	9
Neurons_Vglut2 16 (Gm5595, Tnr)	C185-165: Wfdc17.Tmem119.Immune	3	4	1	0.333333333333333	0.25	3	3	1	3	3
Neurons_Vglut2 16 (Gm5595, Tnr)	C185-148: Pex5l.Ermn.Oligodendrocytes	3	234	1	0.333333333333333	0.00427350427350427	3	3	1	43	43
Neurons_Vglut2 17 (A930013F10Rik,Pou2f2)	C185-1: Shox2.GLU-1	3	163	2	0.666666666666667	0.0122699386503067	2	2	1	26	26
Neurons_Vglut2 17 (A930013F10Rik,Pou2f2)	C185-103: Vgll3.Tbx3.GABA-1	3	3	1	0.333333333333333	0.333333333333333	2	2	1	3	3
Neurons_Vglut2 18 (Zfp458,Ppp1r12b)	C185-1: Shox2.GLU-1	2	163	1	0.5	0.00613496932515337	2	2	1	26	26
Neurons_Vglut2 18 (Zfp458,Ppp1r12b)	C185-156: Bmp4.Gpr17.Oligodendrocytes	2	48	1	0.5	0.0208333333333333	2	2	1	9	9
Neurons_Vglut2 2 (Crh+/-)	C185-168: Tyrobp.Tmem119.Immune	15	2	1	0.0666666666666667	0.5	12	12	1	2	2
Neurons_Vglut2 2 (Crh+/-)	C185-18: Meis2.Samd3.GLU-2	15	10	1	0.0666666666666667	0.1	12	12	1	9	9
Neurons_Vglut2 2 (Crh+/-)	C185-74: Onecut3.Onecut2.GABA-2	15	5	1	0.0666666666666667	0.2	12	12	1	2	2
Neurons_Vglut2 2 (Crh+/-)	C185-9: Ebf3.Nxph4.GLU-2	15	17	2	0.133333333333333	0.117647058823529	12	12	1	8	8
Neurons_Vglut2 2 (Crh+/-)	C185-47: Hcrt.Rfx4.GLU-4	15	11	1	0.0666666666666667	0.0909090909090909	12	12	1	4	4
Neurons_Vglut2 2 (Crh+/-)	C185-17: Gng8.Samd3.GLU-2	15	6	1	0.0666666666666667	0.166666666666667	12	12	1	5	5
Neurons_Vglut2 2 (Crh+/-)	C185-16: Tent5a.GLU-2	15	27	3	0.2	0.111111111111111	12	12	1	9	9
Neurons_Vglut2 2 (Crh+/-)	C185-67: Pnoc.Mixed.GABA-2	15	25	1	0.0666666666666667	0.04	12	12	1	7	7
Neurons_Vglut2 2 (Crh+/-)	C185-113: Nkx2-4.GABA-3	15	3	1	0.0666666666666667	0.333333333333333	12	12	1	3	3
Neurons_Vglut2 2 (Crh+/-)	C185-53: Ebf3.Caprin2.GLU-6	15	24	1	0.0666666666666667	0.0416666666666667	12	12	1	7	7
Neurons_Vglut2 2 (Crh+/-)	C185-148: Pex5l.Ermn.Oligodendrocytes	15	234	1	0.0666666666666667	0.00427350427350427	12	12	1	43	43
Neurons_Vglut2 2 (Crh+/-)	C185-20: Lmx1a.GLU-2	15	5	1	0.0666666666666667	0.2	12	12	1	5	5
Neurons_Vglut2 3 (Crh-+/-, low)	C185-66: Unassigned.Mixed.GABA-2	40	5	1	0.025	0.2	26	26	1	4	4
Neurons_Vglut2 3 (Crh-+/-, low)	C185-9: Ebf3.Nxph4.GLU-2	40	17	7	0.175	0.411764705882353	26	26	1	8	8
Neurons_Vglut2 3 (Crh-+/-, low)	C185-177: Slco1a4.Endothelial	40	115	1	0.025	0.00869565217391304	26	26	1	8	8
Neurons_Vglut2 3 (Crh-+/-, low)	C185-179: Sema3g.Endothelial	40	17	1	0.025	0.0588235294117647	26	26	1	2	2
Neurons_Vglut2 3 (Crh-+/-, low)	C185-1: Shox2.GLU-1	40	163	1	0.025	0.00613496932515337	26	26	1	26	26
Neurons_Vglut2 3 (Crh-+/-, low)	C185-96: Ppp1r17.GABA-1	40	2	2	0.05	1	26	26	1	1	1
Neurons_Vglut2 3 (Crh-+/-, low)	C185-17: Gng8.Samd3.GLU-2	40	6	1	0.025	0.166666666666667	26	26	1	5	5
Neurons_Vglut2 3 (Crh-+/-, low)	C185-35: C1ql2.Gpr149.GLU-3	40	5	1	0.025	0.2	26	26	1	3	3
Neurons_Vglut2 3 (Crh-+/-, low)	C185-20: Lmx1a.GLU-2	40	5	1	0.025	0.2	26	26	1	5	5
Neurons_Vglut2 3 (Crh-+/-, low)	C185-30: Hmcn2.Gpr149.GLU-3	40	13	1	0.025	0.0769230769230769	26	26	1	10	10
Neurons_Vglut2 3 (Crh-+/-, low)	C185-148: Pex5l.Ermn.Oligodendrocytes	40	234	4	0.1	0.0170940170940171	26	26	1	43	43
Neurons_Vglut2 3 (Crh-+/-, low)	C185-42: Lhx9.Mixed.GLU-4	40	7	3	0.075	0.428571428571429	26	26	1	5	5
Neurons_Vglut2 3 (Crh-+/-, low)	C185-11: Cbln2.Trh.GLU-2	40	48	1	0.025	0.0208333333333333	26	26	1	11	11
Neurons_Vglut2 3 (Crh-+/-, low)	C185-31: Tcf7l2.Gpr149.GLU-3	40	5	1	0.025	0.2	26	26	1	4	4
Neurons_Vglut2 3 (Crh-+/-, low)	C185-48: Anxa2.Pomc.GLU-5	40	13	1	0.025	0.0769230769230769	26	26	1	7	7
Neurons_Vglut2 3 (Crh-+/-, low)	C185-108: Gal.Nts.GABA-1	40	40	2	0.05	0.05	26	26	1	11	11
Neurons_Vglut2 3 (Crh-+/-, low)	C185-36: Vcan.GLU-3	40	2	1	0.025	0.5	26	26	1	2	2
Neurons_Vglut2 3 (Crh-+/-, low)	C185-38: Nfia.Tcf4.GLU-3	40	3	1	0.025	0.333333333333333	26	26	1	2	2
Neurons_Vglut2 3 (Crh-+/-, low)	C185-72: Fam122b.Vipr2.GABA-2	40	18	2	0.05	0.111111111111111	26	26	1	8	8
Neurons_Vglut2 3 (Crh-+/-, low)	C185-99: Piezo2.Lhx6.GABA-1	40	6	1	0.025	0.166666666666667	26	26	1	3	3
Neurons_Vglut2 3 (Crh-+/-, low)	C185-142: Unassigned.Etnppl.Astrocytes	40	12	1	0.025	0.0833333333333333	26	26	1	9	9
Neurons_Vglut2 3 (Crh-+/-, low)	C185-113: Nkx2-4.GABA-3	40	3	1	0.025	0.333333333333333	26	26	1	3	3
Neurons_Vglut2 3 (Crh-+/-, low)	C185-82: Tbx19.Il1rapl2.GABA-1	40	4	1	0.025	0.25	26	26	1	4	4
Neurons_Vglut2 3 (Crh-+/-, low)	C185-50: Ttr.Pomc.GLU-5	40	2	1	0.025	0.5	26	26	1	2	2
Neurons_Vglut2 3 (Crh-+/-, low)	C185-16: Tent5a.GLU-2	40	27	1	0.025	0.037037037037037	26	26	1	9	9
Neurons_Vglut2 3 (Crh-+/-, low)	C185-144: Gfap.Etnppl.Astrocytes	40	101	1	0.025	0.0099009900990099	26	26	1	3	3
Neurons_Vglut2 4	C185-1: Shox2.GLU-1	4	163	2	0.5	0.0122699386503067	3	3	1	26	26
Neurons_Vglut2 4	C185-30: Hmcn2.Gpr149.GLU-3	4	13	1	0.25	0.0769230769230769	3	3	1	10	10
Neurons_Vglut2 4	C185-18: Meis2.Samd3.GLU-2	4	10	1	0.25	0.1	3	3	1	9	9
Neurons_Vglut2 5 (Myt1,Lhx9)	C185-1: Shox2.GLU-1	3	163	2	0.666666666666667	0.0122699386503067	2	2	1	26	26
Neurons_Vglut2 5 (Myt1,Lhx9)	C185-146: Myt1l.Lgals3.Astrocytes	3	28	1	0.333333333333333	0.0357142857142857	2	2	1	14	14
Neurons_Vglut2 6 (Prmt8,Ugdh)	C185-1: Shox2.GLU-1	11	163	6	0.545454545454545	0.0368098159509202	4	4	1	26	26
Neurons_Vglut2 6 (Prmt8,Ugdh)	C185-31: Tcf7l2.Gpr149.GLU-3	11	5	1	0.0909090909090909	0.2	4	4	1	4	4
Neurons_Vglut2 6 (Prmt8,Ugdh)	C185-148: Pex5l.Ermn.Oligodendrocytes	11	234	2	0.181818181818182	0.00854700854700855	4	4	1	43	43
Neurons_Vglut2 6 (Prmt8,Ugdh)	C185-30: Hmcn2.Gpr149.GLU-3	11	13	2	0.181818181818182	0.153846153846154	4	4	1	10	10
Neurons_Vglut2 7 (Pgam,Snx12)	C185-148: Pex5l.Ermn.Oligodendrocytes	6	234	3	0.5	0.0128205128205128	2	2	1	43	43
Neurons_Vglut2 7 (Pgam,Snx12)	C185-1: Shox2.GLU-1	6	163	3	0.5	0.0184049079754601	2	2	1	26	26
Neurons_Vglut2 8	C185-139: Itih3.Etnppl.Astrocytes	9	46	1	0.111111111111111	0.0217391304347826	3	3	1	3	3
Neurons_Vglut2 8	C185-148: Pex5l.Ermn.Oligodendrocytes	9	234	2	0.222222222222222	0.00854700854700855	3	3	1	43	43
Neurons_Vglut2 8	C185-1: Shox2.GLU-1	9	163	6	0.666666666666667	0.0368098159509202	3	3	1	26	26
Neurons_Vglut2 9 (Gpr149)	C185-30: Hmcn2.Gpr149.GLU-3	6	13	1	0.166666666666667	0.0769230769230769	5	5	1	10	10
Neurons_Vglut2 9 (Gpr149)	C185-1: Shox2.GLU-1	6	163	2	0.333333333333333	0.0122699386503067	5	5	1	26	26
Neurons_Vglut2 9 (Gpr149)	C185-156: Bmp4.Gpr17.Oligodendrocytes	6	48	1	0.166666666666667	0.0208333333333333	5	5	1	9	9
Neurons_Vglut2 9 (Gpr149)	C185-184: Slc47a1.Dcn.Fibroblasts	6	2	1	0.166666666666667	0.5	5	5	1	2	2
Neurons_Vglut2 9 (Gpr149)	C185-31: Tcf7l2.Gpr149.GLU-3	6	5	1	0.166666666666667	0.2	5	5	1	4	4
Neurons_circadian 1 (Vip,Grp+/-)	C185-79: Cd24a.Lhx1.GABA-2	6	4	2	0.333333333333333	0.5	4	4	1	3	3
Neurons_circadian 1 (Vip,Grp+/-)	C185-71: Vip.Vipr2.GABA-2	6	8	2	0.333333333333333	0.25	4	4	1	2	2
Neurons_circadian 1 (Vip,Grp+/-)	C185-148: Pex5l.Ermn.Oligodendrocytes	6	234	1	0.166666666666667	0.00427350427350427	4	4	1	43	43
Neurons_circadian 1 (Vip,Grp+/-)	C185-1: Shox2.GLU-1	6	163	1	0.166666666666667	0.00613496932515337	4	4	1	26	26
Neurons_circadian 2 (Nms,VIP+/-)	C185-71: Vip.Vipr2.GABA-2	12	8	6	0.5	0.75	3	3	1	2	2
Neurons_circadian 2 (Nms,VIP+/-)	C185-72: Fam122b.Vipr2.GABA-2	12	18	5	0.416666666666667	0.277777777777778	3	3	1	8	8
Neurons_circadian 2 (Nms,VIP+/-)	C185-79: Cd24a.Lhx1.GABA-2	12	4	1	0.0833333333333333	0.25	3	3	1	3	3
Neurons_circadian 3 (Per2)	C185-30: Hmcn2.Gpr149.GLU-3	13	13	1	0.0769230769230769	0.0769230769230769	10	10	1	10	10
Neurons_circadian 3 (Per2)	C185-72: Fam122b.Vipr2.GABA-2	13	18	4	0.307692307692308	0.222222222222222	10	10	1	8	8
Neurons_circadian 3 (Per2)	C185-42: Lhx9.Mixed.GLU-4	13	7	1	0.0769230769230769	0.142857142857143	10	10	1	5	5
Neurons_circadian 3 (Per2)	C185-148: Pex5l.Ermn.Oligodendrocytes	13	234	1	0.0769230769230769	0.00427350427350427	10	10	1	43	43
Neurons_circadian 3 (Per2)	C185-73: Cck.Vipr2.GABA-2	13	7	1	0.0769230769230769	0.142857142857143	10	10	1	4	4
Neurons_circadian 3 (Per2)	C185-175: Kcnj8.Mural	13	7	1	0.0769230769230769	0.142857142857143	10	10	1	7	7
Neurons_circadian 3 (Per2)	C185-1: Shox2.GLU-1	13	163	1	0.0769230769230769	0.00613496932515337	10	10	1	26	26
Neurons_circadian 3 (Per2)	C185-17: Gng8.Samd3.GLU-2	13	6	1	0.0769230769230769	0.166666666666667	10	10	1	5	5
Neurons_circadian 3 (Per2)	C185-108: Gal.Nts.GABA-1	13	40	1	0.0769230769230769	0.025	10	10	1	11	11
Neurons_circadian 3 (Per2)	C185-98: Pbx3.Lhx6.GABA-1	13	2	1	0.0769230769230769	0.5	10	10	1	2	2
Neurons_uc	C185-170: F13a1.Immune	126	30	3	0.0238095238095238	0.1	11	11	1	3	3
Neurons_uc	C185-1: Shox2.GLU-1	126	163	107	0.849206349206349	0.656441717791411	11	11	1	26	26
Neurons_uc	C185-68: C1ql2.Mixed.GABA-2	126	3	1	0.00793650793650794	0.333333333333333	11	11	1	3	3
Neurons_uc	C185-148: Pex5l.Ermn.Oligodendrocytes	126	234	8	0.0634920634920635	0.0341880341880342	11	11	1	43	43
Neurons_uc	C185-183: Slc6a13.Dcn.Fibroblasts	126	20	1	0.00793650793650794	0.05	11	11	1	5	5
Neurons_uc	C185-127: Nfix.Satb2.GABA-6	126	8	1	0.00793650793650794	0.125	11	11	1	6	6
Neurons_uc	C185-56: Pmch.GLU-7	126	8	1	0.00793650793650794	0.125	11	11	1	5	5
Neurons_uc	C185-163: Selplg.Tmem119.Immune	126	5	1	0.00793650793650794	0.2	11	11	1	4	4
Neurons_uc	C185-41: Lef1.Mixed.GLU-4	126	2	1	0.00793650793650794	0.5	11	11	1	2	2
Neurons_uc	C185-33: Fezf1.Gpr149.GLU-3	126	2	1	0.00793650793650794	0.5	11	11	1	2	2
Neurons_uc	C185-80: Aldh3b2.GABA-2	126	3	1	0.00793650793650794	0.333333333333333	11	11	1	3	3
