C185	Affinati10x	Anderson10x	CampbellDropseq	ChenDropseq	Dowsett10xnuc	Flynn10x	Kim10x	KimDev10x	LeeDropseq	Mickelsen10x	Moffit10x	Morris10x	Mousebrainorg10x	RomanovDev10x	RossiDropseq	Rupp10x	Wen10x	wenDropseq	ncells	ncells_pct	Region_summarized
C185-1	16.0994764397906			14.0052356020942	0.261780104712042	0.654450261780105	0.130890052356021		0.130890052356021		16.4921465968586		18.455497382199	1.04712041884817	0.392670157068063	32.3298429319372			764	0.198480223420147	Paraventricular hypothalamic nucleus
C185-10	8.33333333333333		0.757575757575758	1.51515151515152	26.5151515151515	0.757575757575758	0.757575757575758			27.2727272727273	0.757575757575758		0.757575757575758	1.51515151515152	3.03030303030303	28.030303030303			132	0.034292394622329	Lateral hypothalamic area
C185-100	3.24129651860744	0.540216086434574	0.660264105642257	8.64345738295318	2.22088835534214	0.240096038415366	0.240096038415366	0.0600240096038415	0.180072028811525	0.480192076830732	38.0552220888355	1.50060024009604	24.0696278511405	0.240096038415366	8.5234093637455	2.40096038415366		8.70348139255702	1666	0.432811586672728	Medial preoptic area
C185-101	2.89256198347107	2.47933884297521		2.89256198347107	2.47933884297521		0.413223140495868			0.826446280991736	58.2644628099174	0.826446280991736	20.2479338842975		5.78512396694215	2.89256198347107			242	0.0628693901409366	Lateral preoptic area
C185-102	9.58385876418663	1.63934426229508	7.81841109709962	2.77427490542245	40.2269861286255	17.6544766708701	1.26103404791929	0.378310214375788	2.39596469104666	1.51324085750315		1.26103404791929	0.126103404791929	0.252206809583859	0.126103404791929	12.8625472887768		0.126103404791929	793	0.206014158602325	(Pre)Mammillary region
C185-103	8.9527027027027	7.03828828828829	28.1531531531532	2.98423423423423	21.9594594594595	6.75675675675676	3.65990990990991	0.563063063063063	0.450450450450451		0.112612612612613	3.77252252252252	1.06981981981982	0.844594594594595		13.5135135135135	0.0563063063063063	0.112612612612613	1776	0.461388582191336	Arcuate hypothalamic nucleus
C185-104	9.48012232415902	8.86850152905199	26.1085626911315	1.1085626911315	19.6483180428135	3.63149847094801	5.42813455657492	0.0764525993883792	0.879204892966361	0.152905198776758	1.1085626911315	1.56727828746177	2.82874617737003	0.802752293577982	0.611620795107034	16.8195718654434	0.0764525993883792	0.802752293577982	2616	0.679612911606157	Arcuate hypothalamic nucleus
C185-105	3.52360817477097	0.211416490486258	0.140944326990839	2.46652572233968	1.19802677942213	0.422832980972516	0.211416490486258			0.916138125440451	39.323467230444	0.211416490486258	41.7899929527837	0.140944326990839	3.94644115574348	3.94644115574348		1.55038759689923	1419	0.368643242190037	
C185-106	3.06748466257669	0.645786244752987	0.258314497901195	2.06651598320956	7.23280594123345	2.87374878915079	0.96867936712948		0.0645786244752987	4.58508233774621	37.843073942525	0.129157248950597	28.9958023894091	0.161446561188247	4.8433968356474	5.77978689053923		0.48433968356474	3097	0.804572319282977	Lateral preoptic area
C185-107	1.34228187919463		0.251677852348993	2.09731543624161	1.00671140939597	0.0838926174496644	0.0838926174496644			0.335570469798658	57.2986577181208	0.251677852348993	31.4597315436242		1.51006711409396	3.02013422818792		1.25838926174497	1192	0.309670715074365	Lateral preoptic area
C185-108	5.41275333662877	0.815620365793376	1.18635689569946	6.45081562036579	6.79683638161147	0.0494315373208107	0.543746910528918	0.0247157686604053	0.519031141868512	0.766188828472566	27.3109243697479	2.89174493326743	25.9515570934256	0.74147305981216	5.58576371725161	2.86702916460702	0.222441917943648	11.8635689569946	4046	1.05111385334805	Medial preoptic area
C185-109	9.59537572254335	7.16763005780347	4.85549132947977	3.00578034682081	13.0635838150289	0.346820809248555	11.7919075144509		0.346820809248555	7.74566473988439	9.01734104046243	0.92485549132948	9.13294797687861	0.346820809248555	9.36416184971098	9.2485549132948	0.346820809248555	3.69942196531792	865	0.224719101123596	
C185-11	12.3159960745829	1.17762512266928	0.588812561334642	3.63101079489696	11.5309126594701	0.0490677134445535	1.76643768400393	0.14720314033366	0.392541707556428	2.60058881256134	16.4376840039254	4.26889106967615	19.3326790971541	1.3738959764475	4.75956820412169	9.8135426889107	1.22669283611384	8.58684985279686	2038	0.529453789699292	Paraventricular hypothalamic nucleus
C185-110	9.6551724137931	16	6.89655172413793	5.10344827586207	13.6551724137931	0.137931034482759	16	1.10344827586207	1.51724137931034	2.89655172413793	0.551724137931035	0.275862068965517	4.41379310344828	0.137931034482759	0.96551724137931	19.3103448275862		1.37931034482759	725	0.188348379554459	Arcuate hypothalamic nucleus
C185-111	5.03355704697987	1.00671140939597		0.838926174496644	13.255033557047	4.53020134228188	1.00671140939597	0.503355704697987		33.5570469798658	3.35570469798658		9.39597315436242	0.503355704697987	14.4295302013423	11.9127516778524		0.671140939597315	596	0.154835357537183	
C185-112							2.5			2.5	10		30	10	45				40	0.0103916347340391	Lateral hypothalamic area
C185-113	7.64147046674928	8.13713341594382	13.5068153655514	4.21313506815366	19.3721602643536	4.37835605121851	10.1610904584882	0.289136720363486	0.454357703428335	5.20446096654275	0.0826104915324246	1.6935150764147	3.38703015282941	1.40437835605122	3.05658818669971	17.0177612556795			2421	0.628953692277717	Arcuate hypothalamic nucleus
C185-114	7.72600557546794	21.0274790919952	21.8637992831541	2.30983671843887	12.5049780963759	0.0796495420151334	19.673436877738	0.3584229390681	0.438072481083234	0.199123855037834		1.6726403823178	0.836320191158901	0.597371565113501	0.0398247710075667	10.3146156909598		0.3584229390681	2511	0.652334870429304	Arcuate hypothalamic nucleus
C185-115	7.9991421831439	6.9483165344199	53.2704267638859	3.21681321037958	10.2723568518121	1.17949817713918	3.83873043105297	0.128672528415183	0.965043963113875		0.0214454214025306	1.95153334763028	0.686253484880978	1.13660733433412		7.5058974908857		0.879262277503753	4663	1.21140481912061	Arcuate hypothalamic nucleus
C185-116	2.40963855421687	2.06540447504303	3.95869191049914	0.516351118760757	40.2753872633391	0.344234079173838	0.516351118760757		0.172117039586919		0.172117039586919	0.860585197934596	0.688468158347677			47.8485370051635		0.172117039586919	581	0.150938494511918	Arcuate hypothalamic nucleus
C185-117	7.32623669380088	27.8021289918597	5.76080150281778	0.50093926111459	9.32999373825924	0.375704445835942	28.3030682529743			1.18973074514715	0.375704445835942	0.876643706950532	2.00375704445836		0.313087038196619	14.1515341264872	0.313087038196619	1.37758296806512	1597	0.414886016756511	Arcuate hypothalamic nucleus
C185-118	8.04473304473305	11.8686868686869	23.1962481962482	1.55122655122655	16.017316017316	3.17460317460317	16.955266955267	0.18037518037518	0.685425685425685	0.505050505050505	0.0360750360750361	1.47907647907648	1.04617604617605	0.577200577200577	0.324675324675325	13.6002886002886	0.0721500721500722	0.685425685425685	2772	0.72014028706891	Arcuate hypothalamic nucleus
C185-119	10.8626198083067	18.0511182108626	7.82747603833866	0.319488817891374	12.1405750798722	0.319488817891374	28.7539936102236			0.638977635782748	1.59744408945687	0.479233226837061	4.15335463258786		0.319488817891374	13.7380191693291	0.159744408945687	0.638977635782748	626	0.162629083587712	Arcuate hypothalamic nucleus
C185-12	10.7778510217535	1.87870797626895	0.692155570204351	1.5161502966381	21.4897824653922	0.1318391562294	1.3843111404087		0.3295978905735	0.922874093605801	13.18391562294	7.08635464733026	11.9314436387607	0.560316413974951	3.79037574159525	7.84442979564931	0.560316413974951	15.9195781147001	3034	0.788205494576866	Paraventricular hypothalamic nucleus
C185-120	8.59188544152745	13.126491646778	3.10262529832936	0.715990453460621	16.7064439140811	0.238663484486874	37.4701670644391		0.477326968973747	4.29594272076372		0.238663484486874	1.19331742243437		0.477326968973747	12.1718377088306	0.238663484486874	0.954653937947494	419	0.10885237383906	Arcuate hypothalamic nucleus
C185-121	12.9888942539836	10.0917431192661	1.15886045388701	1.54514727184935	28.92322549493	2.89715113471753	20.6180589087397		0.820859488169966	2.60743602124578	1.49686141960406		4.34572670207629		0.627716079188798	11.3471752776437		0.531144374698213	2071	0.538026888354874	
C185-122	8.57580398162328	13.0168453292496	5.51301684532925	1.99081163859112	15.9264931087289	3.82848392036753	34.7626339969372		0.153139356814701	0.459418070444104	0.153139356814701	0.306278713629403	3.21592649310873		0.153139356814701	11.4854517611026		0.459418070444104	653	0.169643437033188	
C185-123	0.522648083623693	0.348432055749129		3.36817653890825	0.348432055749129	0.0580720092915215	0.290360046457607			0.0580720092915215	70.0929152148664		18.0023228803717		5.4006968641115	1.33565621370499		0.174216027874564	1722	0.447359875300383	Lateral preoptic area
C185-124	0.409416581371546			3.37768679631525	0.102354145342886		0.102354145342886				89.3551688843398		4.60593654042989		1.12589559877175	0.614124872057318		0.307062436028659	977	0.253815678378905	Lateral preoptic area
C185-125	0.359971202303816	1.29589632829374		1.65586753059755	0.0719942404607631		0.359971202303816		0.0719942404607631		79.625629949604		15.8387329013679		0.0719942404607631	0.575953923686105	0.0719942404607631		1389	0.360849516139508	Lateral preoptic area
C185-126	0.152827305145186	0.0509424350483953		1.37544574630667							66.7855323484463		31.3805399898115		0.152827305145186	0.0509424350483953		0.0509424350483953	1963	0.509969474572969	Lateral preoptic area
C185-127	7.51329787234043	15.7579787234043	14.4281914893617	2.99202127659575	9.57446808510638	0.465425531914894	12.1675531914894	0.265957446808511	0.465425531914894	0.0664893617021277	7.97872340425532	6.25	4.45478723404255	0.398936170212766		8.71010638297872	2.85904255319149	5.65159574468085	1504	0.39072546599987	Arcuate hypothalamic nucleus
C185-128	8.31334932054357	23.9008792965628	21.3429256594724	2.79776179056755	9.99200639488409	0.159872102318145	15.1079136690647	0.479616306954436	1.03916866506795		0.239808153477218	1.43884892086331	1.03916866506795	0.559552358113509		12.3900879296563		1.19904076738609	1251	0.324998376307073	Arcuate hypothalamic nucleus
C185-129	9.62962962962963	4.74074074074074	22	2.88888888888889	12.8888888888889	0.0740740740740741	3.7037037037037	0.222222222222222	0.222222222222222		1.92592592592593	12.6666666666667	3.11111111111111	0.296296296296296	0.0740740740740741	13.1851851851852		12.3703703703704	1350	0.35071767227382	Arcuate hypothalamic nucleus
C185-13	15.0609080841639	0.553709856035438		0.332225913621262	13.6212624584718	0.332225913621262	1.21816168327796	0.110741971207087		3.98671096345515	13.2890365448505	0.553709856035438	16.9435215946844	0.332225913621262	16.8327796234773	14.0642303433001	0.110741971207087	2.6578073089701	903	0.234591154120933	Lateral hypothalamic area
C185-130	1.76211453744493			4.84581497797357	0.440528634361234					0.440528634361234	17.1806167400881		67.84140969163		6.6079295154185	0.440528634361234		0.440528634361234	227	0.0589725271156719	
C185-131	5.04898266767144	0.52750565184627	67.5960813865863	8.89223813112283	7.61115297663904			0.226073850791259	1.88394875659382			0.52750565184627	0.452147701582517	4.06932931424265		3.16503391107762			1327	0.344742482301747	
C185-132	15.1721528566023	4.16193719258418	34.733257661748	7.22663639803254	6.9996216420734	1.55126749905411	1.66477487703367	6.69693530079455	1.51343170639425		0.0378357926598562	0.870223231176693	0.378357926598562	0.378357926598562		17.7449867574726	0.378357926598562	0.491865304578131	2643	0.686627265051634	
C185-133	6.72174239579422	0.826135936913256	42.9590687194893	7.66053323319565	7.73563650018776	10.0638377769433	0.0375516334960571	4.16823131806234	1.72737514081863			6.87194892977845	0.413067968456628	0.225309800976342		10.5895606458881			2663	0.691823082418653	
C185-134	10.1407549584133	4.28662827895074	52.9110684580934	6.01407549584133	4.67050543825976	0.351887396033269	1.18362124120282	3.13499680102367	1.50351887396033			0.191938579654511	0.319897632757518	1.43953934740883		13.4357005758157		0.415866922584773	3126	0.812106254465155	
C185-135	10.4161876293401	0.919751667049896	10.2322372959301	10.6001379627501	0.114968958381237	0.0919751667049897	0.390894458496206	6.99011266957921	1.7935157507473	0.0229937916762474		15.1988962979995	0.597838583582433	0.229937916762474		6.02437341917682	2.04644745918602	34.3297309726374	4349	1.1298304864584	
C185-136	4.54545454545455											95.4545454545454							44	0.011430798207443	
C185-137		6.38297872340426	4.25531914893617	2.12765957446809	8.51063829787234		2.12765957446809	42.5531914893617	2.12765957446809	2.12765957446809	4.25531914893617	2.12765957446809				2.12765957446809	12.7659574468085	8.51063829787234	47	0.0122101708124959	
C185-138				70.9090909090909		1.81818181818182		1.81818181818182	1.81818181818182		1.81818181818182		21.8181818181818						55	0.0142884977593038	
C185-139	12.2180664173184	39.1136801541426	0.0680040802448147	0.974725150175677	1.19007140428426	1.98345234047376	11.0279950130341	2.00612036722203	0.702708829196418	6.09769919528505	0.657372775699875	0.340020401224073	0.748044882692962	0.793380936189505	0.204012240734444	17.2843703955571	3.91023461407685	0.680040802448147	8823	2.29213483146067	
C185-14	10.8165429480382	18.4517497348887	0.742311770943796	1.16648992576882	12.9374337221633	0.530222693531283	6.99893955461294	4.13573700954401		8.58960763520679	1.27253446447508	0.31813361611877	5.72640509013786		8.58960763520679	18.1336161187699		1.59066808059385	943	0.244982788854972	Lateral hypothalamic area
C185-140	0.842414082145851	51.9237217099749	0.0754400670578374	0.561609388097234	1.92372170997485	1.06035205364627	14.6269907795474	1.19865884325231	0.0502933780385583	0.322715842414082	1.22380553227158	0.645431684828164	0.653813914501257		0.0167644593461861	5.92204526404024	18.8432523051132	0.10896898575021	23860	6.19861011885432	
C185-141	1.68485999050783	23.5524442335074	0.0711912672045562	1.62553393450403	10.109159943047	4.92406264831514	20.5505457997152	4.48504983388704	0.344091124822022	4.59183673469388	0.688182249644044	0.0593260560037969	3.66635026103465	0.0593260560037969	0.581395348837209	19.1741813004272	3.33412434741338	0.498338870431894	8428	2.18951743846204	
C185-142	1.4171511627907	89.2441860465116	0.0726744186046512	0.726744186046512	0.109011627906977	0.218023255813953	2.43459302325581	0.726744186046512	0.109011627906977	1.09011627906977	0.799418604651163	1.23546511627907	0.399709302325581		0.0363372093023256	0.399709302325581	0.32703488372093	0.654069767441861	2752	0.71494446970189	
C185-143	0.930232558139535	8.6046511627907	0.232558139534884	16.2790697674419	0.465116279069768	0.465116279069768	3.25581395348837		0.232558139534884	0.232558139534884	51.6279069767442	2.09302325581395	13.0232558139535			1.3953488372093	1.16279069767442		430	0.11171007339092	
C185-144	0.667913438418381	31.5255142933476	2.83195297889394	3.17926796687149	0.106866150146941	2.3510553032327	12.7705049425594	2.32433876569597	1.76329147742453	3.92733101790008	0.320598450440823	21.186214266631	8.95004007480631	0.160299225220411	0.480897675661234	0.748063051028587	1.73657493988779	4.96927598183276	3743	0.972397220237709	
C185-145	12.7329192546584	11.0248447204969	1.5527950310559	9.00621118012422	4.50310559006211	14.9068322981366	5.59006211180124	2.79503105590062	2.63975155279503	4.81366459627329	0.15527950310559	9.3167701863354	6.67701863354037	0.62111801242236		6.52173913043478	2.79503105590062	4.34782608695652	644	0.167305319218029	
C185-146	6.81265206812652	2.4330900243309	4.37956204379562	15.8150851581509		0.48661800486618	0.72992700729927	0.24330900243309		1.70316301703163	9.48905109489051	3.89294403892944	22.1411192214112		2.67639902676399	24.5742092457421	0.72992700729927	3.89294403892944	411	0.106774046892252	
C185-147	0.958466453674122	1.08626198083067			0.0638977635782748	0.191693290734824	0.0638977635782748	0.255591054313099		0.0638977635782748	0.0638977635782748	96.5495207667732	0.0638977635782748			0.383386581469649	0.255591054313099		1565	0.40657270896928	
C185-148	12.2868443234131	19.5098229916359	0.816961680606886	3.68281138559295	5.44641120404591	3.59852168838747	14.3486999935162	2.48978797899241	1.07631459508526	2.93717175646761	3.63094080269727	0.0129676457239188	2.71672177916099	0.129676457239188	10.1731180704143	7.46288011411528	1.23841016663425	8.44193736627115	15423	4.00675456257713	
C185-149	2.07607095824618	16.7170191339376	0.813386009760632	11.3176853358122	0.619722674103339	1.37113641645364	16.0043380587187	2.30072042760865	0.642962274382214	0.511271206135255	21.3107134557286		1.44860175071655		4.52397552095437	5.29088233015725	12.2240297466884	2.82748470059648	12909	3.35364031954277	
C185-15	10.6194690265487	2.65486725663717		0.88495575221239	7.07964601769912		7.07964601769912	0.88495575221239		1.76991150442478	23.8938053097345		29.2035398230089		9.73451327433628	6.19469026548673			113	0.0293563681236605	Paraventricular hypothalamic nucleus
C185-150	2.64163482306031	4.76823392590131	0.581491942183087	10.8323641800964	3.43910948662569	6.74530652932381	11.1314171789334	3.58863598604419	1.56172121614886	3.35603920917096	10.1511879049676	0.415351387273634	11.9122777870078	0.365509220800797	14.1884033892673	2.25951154676857	4.13689981724539	7.92490446918093	6019	1.56368123660453	
C185-151	14.3968871595331	29.9610894941634	1.16731517509728	6.6147859922179		2.72373540856031	13.6186770428016	1.16731517509728	0.389105058365759	2.33463035019455	5.05836575875486		7.00389105058366	1.16731517509728	1.94552529182879	8.56031128404669	0.389105058365759	3.50194552529183	257	0.0667662531662012	
C185-152	1.49166989538938	4.43626501356064	3.08020147229756	3.79697791553661	3.09957380860132	4.28128632313057	9.70554048818287	2.57652072839985	0.833010461061604	8.38822161952732	13.8899651297947		21.5614103060829	6.8190623789229	2.15032932971716	0.98798915149167	3.42890352576521	9.47307245253778	5162	1.34104046242775	
C185-153	0.551724137931035	2.66666666666667	4.22988505747126	1.88505747126437	3.03448275862069	3.35632183908046	7.86206896551724	1.05747126436782	0.413793103448276	3.86206896551724	5.60919540229885	0.919540229885057	45.1494252873563	7.17241379310345	0.413793103448276	1.14942528735632	2.3448275862069	8.32183908045977	2175	0.565045138663376	
C185-154		0.911528150134048	0.160857908847185	2.84182305630027			0.911528150134048		0.0536193029490617		90.402144772118	0.0536193029490617	0.697050938337802		0.375335120643432	0.268096514745308	3.27077747989276	0.0536193029490617	1865	0.484509969474573	
C185-155	0.988372093023256	8.72093023255814	3.02325581395349	2.73255813953488	1.68604651162791	0.232558139534884	10.2325581395349	1.51162790697674	0.930232558139535	1.86046511627907	3.6046511627907	7.09302325581395	39.7674418604651	5.34883720930233	0.406976744186047	1.80232558139535	2.5	7.55813953488372	1720	0.446840293563681	
C185-156	1.93798449612403	13.2751937984496	4.65116279069768	4.2312661498708	2.71317829457364	1.38888888888889	9.81912144702842	2.87467700258398	0.742894056847545	3.68217054263566	7.55813953488372	18.3139534883721	12.8552971576227	3.00387596899225	0.775193798449612	1.00129198966408	4.0374677002584	7.13824289405685	3096	0.804312528414626	
C185-157	1.04166666666667	6.25	55.2083333333333	2.08333333333333		1.04166666666667	7.29166666666667	1.04166666666667		1.04166666666667	7.29166666666667	1.04166666666667	13.5416666666667			2.08333333333333		1.04166666666667	96	0.0249399233616938	
C185-158	1.18733509234828	31.7238346525946	2.74406332453826	7.98592788038698	0.430958663148637	0.615655233069481	15.8223394898857	3.896218117854	0.184696569920844	0.360598065083553	9.39313984168865	6.83377308707124	1.13456464379947		0.351802990325418	1.45118733509235	15.0923482849604	0.79155672823219	11370	2.95382217315061	
C185-159	3.22821700792109	18.5622477955463	3.03392616948139	6.12763413540577	9.13166940666567	4.67792557166343	22.3733373187864	3.34778060080705	1.41981766552085	4.81243461366014	3.70647137946495	1.74861754595726	1.5991630548498	0.269018083993424	2.94425347481692	5.66432521297265	0.538036167986848	6.81512479450008	6691	1.73826070013639	
C185-16	12.1913580246914		1.23456790123457	10.3395061728395	3.24074074074074	0.462962962962963	0.154320987654321		1.85185185185185	0.154320987654321	18.5185185185185	5.24691358024691	16.358024691358	3.7037037037037		14.6604938271605	1.54320987654321	10.3395061728395	648	0.168344482691433	(Anterior/Preoptic)Periventricular region
C185-160	1.00250626566416	14.0350877192982	3.59231411862991	4.01002506265664	1.16959064327485	2.58980785296575	11.0275689223058	1.92147034252297	0.918964076858814	2.08855472013367	5.51378446115288	36.8421052631579	5.76441102756892	1.2531328320802	0.584795321637427	0.918964076858814	3.59231411862991	3.17460317460317	1197	0.31096966941612	
C185-161	14.812744550028	35.830072666294	1.39742873113471	3.24203465623253	3.01844605925098	0.111794298490777	10.8999441028508	0.950251537171604	0.223588596981554		8.16098378982672	0.950251537171604	1.78870877585243	0.223588596981554	1.28563443264394	3.74510899944103	10.8999441028508	2.45947456679709	1789	0.464765863479899	
C185-162	8.62068965517242	34.4827586206897		5.17241379310345		3.44827586206897	16.3793103448276	0.862068965517241		1.72413793103448	3.44827586206897	1.72413793103448	9.48275862068965		1.72413793103448	10.3448275862069	1.72413793103448	0.862068965517241	116	0.0301357407287134	
C185-163	13.12422616591	45.4808089145687	1.40321914981428	2.35245563351217	0.206355757325629	4.20965744944284	4.6223689640941	3.5080478745357	0.453982666116385	8.87329756500206	0.0412711514651259	0.536524969046636	1.93974411886092	0.0412711514651259	0.536524969046636	9.45109368551383	2.06355757325629	1.15559224102352	2423	0.629473274014418	
C185-164	0.358790363915941	24.4319152571331	4.15171706817017	1.12762685802153	4.32256962241586	1.81103707500427	14.932513241073	6.83410216982744	0.307534597642235	1.05928583632325	0.683410216982744	0.170852554245686	5.41602596958825		2.27233897146762	0.273364086793098	31.1464206389886	0.700495472407313	5853	1.52055595245827	
C185-165	16.4415736934821	11.0980622431004	11.1567821491486	0.939518496770405	0.880798590722255	2.05519671168526	6.34174985320024	10.6870229007634	0.763358778625954	0.645918966529654	0.411039342337052	30.5930710510863	1.17439812096301	0.117439812096301	0.234879624192601	0.704638872577804	5.16735173223723	0.587199060481503	1703	0.442423848801715	
C185-166	0.258175559380379	1.37693631669535	0.688468158347677	30.4647160068847		0.774526678141136	0.946643717728055	0.516351118760757	0.774526678141136	0.516351118760757	54.3889845094664	2.06540447504303	0.774526678141136		0.430292598967298	0.0860585197934596	0.344234079173838	5.59380378657487	1162	0.301876989023836	
C185-167	6.25	3.78289473684211	0.986842105263158	1.15131578947368		0.657894736842105	2.96052631578947	4.93421052631579	0.164473684210526	0.164473684210526	0.822368421052632	55.2631578947369	0.328947368421053	4.27631578947368	0.328947368421053	14.8026315789474	2.96052631578947	0.164473684210526	608	0.157952847957394	
C185-168	1.47475893363585	83.1537152580828	0.567214974475326	0.510493477027794		0.113442994895065	3.51673284174702	0.283607487237663	0.170164492342598	1.24787294384572	0.113442994895065	1.87180941576858	0.623936471922859				5.95575723199092	0.397050482132728	1763	0.458011300902773	
C185-169	67.4698795180723	18.6746987951807	2.40963855421687			6.02409638554217	1.20481927710843	0.602409638554217				0.602409638554217	0.602409638554217				1.80722891566265	0.602409638554217	166	0.0431252841462623	
C185-17	3.95778364116095	0.131926121372032	0.263852242744063	8.44327176781003	2.37467018469657	0.263852242744063	0.131926121372032	0.131926121372032		3.03430079155673	40.8970976253298	0.395778364116095	19.1292875989446	0.263852242744063	14.5118733509235	4.74934036939314	0.263852242744063	1.05540897097625	758	0.196921478210041	Lateral hypothalamic area
C185-170	3.72168284789644	20.2265372168285	5.01618122977346	12.4595469255663	3.72168284789644	8.25242718446602	17.4757281553398	10.3559870550162	1.29449838187702	4.20711974110032	0.647249190938512	3.23624595469256			0.647249190938512	0.809061488673139	7.60517799352751	0.323624595469256	618	0.160550756640904	
C185-171	5.10204081632653	22.4489795918367	5.10204081632653	5.10204081632653	2.04081632653061	5.10204081632653	3.06122448979592	17.3469387755102	1.02040816326531	2.04081632653061		3.06122448979592	1.02040816326531			1.02040816326531	26.530612244898		98	0.0254595050983958	
C185-172		0.595238095238095					0.595238095238095					0.595238095238095		97.6190476190476				0.595238095238095	168	0.0436448658829642	
C185-173	7.75510204081633		60.6122448979592	5.30612244897959	11.6326530612245			0.816326530612245				5.10204081632653	0.408163265306122	3.87755102040816		4.48979591836735			490	0.127297525491979	
C185-174	9.32203389830508		52.5423728813559	5.50847457627119	8.05084745762712						0.423728813559322	13.5593220338983	0.847457627118644	3.38983050847458		5.93220338983051	0.423728813559322		236	0.0613106449308307	
C185-175	5.13347022587269	34.2402464065708	0.616016427104723	3.54209445585216	1.28336755646817	5.59548254620123	3.49075975359343	9.5482546201232	0.0513347022587269	0.462012320328542	0.205338809034908	17.7618069815195	0.616016427104723		0.308008213552361	4.92813141683778	11.7043121149897	0.513347022587269	1948	0.506072611547704	
C185-176	0.493421052631579	34.8135964912281	1.37061403508772	3.56359649122807		1.97368421052632	10.6359649122807	12.5548245614035	1.04166666666667		16.1184210526316	0.109649122807018	0.603070175438596		2.08333333333333	0.43859649122807	13.5964912280702	0.603070175438596	1824	0.473858543872183	
C185-177	0.643245917862444	34.8012535048656	2.01220517895431	5.97064159656936	0.148441365660564	3.21622958931222	13.3597229094508	11.4464786409368	1.10506349991753	3.61207323107373	4.5357083951839	0.181428335807356	3.01830776843147	0.214415305954148	0.791687283523008	0.395843641761504	11.7598548573314	2.78739897740393	6063	1.57511203481198	
C185-178	0.821652972450459	2.46495891735138	1.93330111164814	12.4214596423393		0.579990333494442	19.8646689221846	21.8946350894152	4.2049299178347	6.04156597390043	0.628322861285645	0.0483325277912035	8.89318511358144	1.69163847269212	3.04494925084582	0.338327694538424	3.62493958434026	11.5031416143064	2069	0.537507306618172	
C185-179	0.270709258256632	28.1537628586898	2.81537628586898	3.30265295073092	0.0541418516513265	6.11802923659989	16.4591229020033	12.5609095831077	1.08283703302653	4.11478072550081	2.54466702761234		1.94910665944775	1.19112073632918	1.62425554953979	0.108283703302653	13.6437466161343	4.00649702219816	1847	0.479833733844255	
C185-18	3.6254839845125	0.281590989088349	0.38718760999648	2.42872228088701	2.63991552270327	1.54875043998592	0.38718760999648		0.175994368180218	3.27349524815206	23.2312565997888	0.0703977472720873	27.6663146779303	0.281590989088349	28.2646955297431	4.18866596268919		1.54875043998592	2841	0.738065856985127	Lateral hypothalamic area
C185-180	0.392156862745098	11.3725490196078	3.52941176470588	2.35294117647059		12.156862745098	16.4705882352941	5.09803921568627	0.392156862745098	0.784313725490196	1.96078431372549	5.09803921568627	32.156862745098	1.56862745098039		0.392156862745098	3.13725490196078	3.13725490196078	255	0.0662466714294992	
C185-181		2.63157894736842	57.8947368421053	39.4736842105263															38	0.00987205299733714	
C185-182	4.11764705882353	3.52941176470588	60.2941176470588	11.1764705882353	4.11764705882353	0.294117647058824	0.294117647058824	0.588235294117647	0.588235294117647	1.17647058823529		7.94117647058824	0.294117647058824			5.58823529411765			340	0.0883288952393323	
C185-183	11.0679611650485	33.495145631068	3.98058252427184	5.14563106796117	7.96116504854369	3.68932038834951	0.58252427184466	3.49514563106796	0.970873786407767	7.76699029126214	0.679611650485437	7.86407766990291	2.33009708737864		1.35922330097087	4.85436893203884	3.30097087378641	1.45631067961165	1030	0.267584594401507	
C185-184	22.962962962963		3.7037037037037	8.88888888888889	28.8888888888889	5.18518518518519	1.48148148148148	0.740740740740741	12.5925925925926	4.44444444444444	0.740740740740741	2.22222222222222	5.18518518518519	1.48148148148148	0.740740740740741			0.740740740740741	135	0.035071767227382	
C185-185	6.4638783269962											1.14068441064639				92.3954372623574			263	0.0683249983763071	
C185-19	5.03246753246753	0.324675324675325	0.446428571428571	1.33928571428571	38.1087662337662	37.9058441558442	0.243506493506494	0.243506493506494	0.568181818181818	1.8262987012987			2.51623376623377	0.243506493506494	1.25811688311688	9.9025974025974		0.0405844155844156	2464	0.640124699616809	(Pre)Mammillary region
C185-2	13.8276553106212	5.21042084168337	0.601202404809619	1.00200400801603	24.0480961923848	5.41082164328657	10.0200400801603	0.200400801603206		11.623246492986	1.80360721442886	0.200400801603206	5.01002004008016	0.200400801603206	1.00200400801603	19.438877755511		0.400801603206413	499	0.129635643307138	Lateral hypothalamic area
C185-20	5.40827147401909	0.106044538706257	0.95440084835631	4.13573700954401	36.5853658536585	32.3435843054083		0.212089077412513	0.106044538706257	0.530222693531283	1.06044538706257	0.106044538706257	3.07529162248144	0.63626723223754	0.424178154825027	14.2099681866384		0.106044538706257	943	0.244982788854972	(Pre)Mammillary region
C185-21	0.943396226415094			11.3207547169811	0.471698113207547	0.471698113207547					67.9245283018868	0.471698113207547	9.43396226415094		8.0188679245283	0.943396226415094			212	0.0550756640904072	Lateral preoptic area
C185-22	10.7686228018178	17.6842521240862	3.9122703023118	0.968188105117566	17.8225647105315	0.197589409207666	30.8437067773167	0.0790357636830666	0.0987947046038332	0.276625172890733	0.3556609365738	0.0790357636830666	1.28433115984983	0.0592768227622999	0.138312586445367	15.076071922545	0.0790357636830666	0.276625172890733	5061	1.3148015847243	Ventromedial hypothalamic nucleus
C185-23	5.55371900826446	23.504132231405	1.81818181818182	0.528925619834711	10.5785123966942	0.297520661157025	42.4462809917355	0.0991735537190083	0.0330578512396694	0.925619834710744	1.48760330578512	0.198347107438017	1.88429752066116		0.132231404958678	10.0165289256198		0.495867768595041	3025	0.785867376761707	Ventromedial hypothalamic nucleus
C185-24	6.47962591850367	15.497661990648	1.26920507682031	0.801603206412826	13.2932531730127	0.0668002672010688	38.2097528390114			1.26920507682031	4.14161656646627		4.40881763527054		0.868403473613894	12.2912491649967		1.40280561122245	1497	0.388906929921413	Anterior hypothalamic nucleus
C185-25	8.16967792615868	19.6779261586803	0.2356637863315	0.432050274941084	15.1217596229379	0.0392772977219167	36.5278868813826			0.824823252160251	0.432050274941084	0.157109190887667	1.06048703849175	0.0392772977219167	0.2356637863315	16.8499607227023		0.196386488609584	2546	0.661427550821589	Ventromedial hypothalamic nucleus
C185-26	6.19918699186992	4.77642276422764	0.609756097560976	0.609756097560976	18.5975609756098	0.101626016260163	53.6585365853659		0.203252032520325	0.203252032520325	0.508130081300813		2.33739837398374		0.101626016260163	11.0772357723577		1.01626016260163	984	0.255634214457362	
C185-27	6.90184049079755	16.5644171779141	0.920245398773006	0.306748466257669	17.9447852760736		41.5644171779141		0.153374233128834	0.613496932515337	0.460122699386503		0.613496932515337			13.9570552147239			652	0.169383646164837	Ventromedial hypothalamic nucleus
C185-28	6.77025527192009	15.0943396226415	0.443951165371809	0.277469478357381	13.2075471698113	0.110987791342952	51.8312985571587	0.0554938956714761		1.22086570477248	0.277469478357381	0.110987791342952	1.44284128745838		0.332963374028857	8.71254162042176		0.110987791342952	1802	0.468143144768462	Ventromedial hypothalamic nucleus
C185-29	4.26320667284523	41.4735866543096	0.278035217794254	1.76088971269694	0.046339202965709	0.046339202965709	43.3271547729379			0.695088044485635	1.0194624652456	0.046339202965709	1.25115848007414	0.139017608897127	0.046339202965709	5.51436515291937		0.092678405931418	2158	0.560628693901409	Ventromedial hypothalamic nucleus
C185-3	2.25563909774436	0.75187969924812		1.50375939849624	1.50375939849624					0.75187969924812	8.27067669172932		69.9248120300752		10.5263157894737	3.7593984962406		0.75187969924812	133	0.03455218549068	
C185-30	14.7571696209829	13.6619109381755	2.79579190085027	1.13849257818129	25.4071191814383	0.0144112984579911	13.8348465196714	0.0432338953739732	0.12970168612192	0.0576451938319643	0.0144112984579911	0.0144112984579911	0.965556996685401	0.0288225969159821	0.0144112984579911	26.8194264303214		0.302637267617812	6939	1.80268883548743	Ventromedial hypothalamic nucleus
C185-31	10.550250113688	15.643474306503	0.864029104138245	0.682128240109141	21.1459754433834		30.2410186448386		0.045475216007276	0.636653024101864	0.0909504320145521	0.045475216007276	1.68258299226921		0.636653024101864	16.0072760345612		1.72805820827649	2199	0.571280119503799	Ventromedial hypothalamic nucleus
C185-32	10.6130520764667	27.2907053394858	3.5596572181938	0.725115359261701	16.0843770599868		24.9176005273566		0.1977587343441	0.0659195781147001	0.0659195781147001		1.9116677653263	0.1318391562294	0.0659195781147001	11.7336849044166		2.636783124588	1517	0.394102747288433	Ventromedial hypothalamic nucleus
C185-33	9.62664714494876	19.6559297218155	0.622254758418741	0.402635431918009	17.7159590043924		29.099560761347	0.0732064421669107		0.402635431918009	0.0366032210834553		0.622254758418741	0.183016105417277	0.0366032210834553	21.303074670571		0.219619326500732	2732	0.709748652334871	
C185-34	5.38089480048368	74.2442563482467	0.060459492140266	0.241837968561064	0.785973397823458	0.181378476420798	13.6033857315599	0.060459492140266	0.060459492140266	0.665054413542926	0.60459492140266	0.544135429262394	0.60459492140266			2.90205562273277		0.060459492140266	1654	0.429694096252517	
C185-35	8.32625318606627	20.3058623619371	0.594732370433305	0.764655904842821	23.7043330501274	0.169923534409516	25.1486830926083	0.0849617672047579		0.339847068819031	0.0849617672047579	0.254885301614274	1.78419711129991	0.169923534409516	0.509770603228547	15.802888700085		1.95412064570943	1177	0.3057738520491	Ventromedial hypothalamic nucleus
C185-36	12.879164594729	13.6250621581303	2.08851317752362	0.546991546494282	23.9184485330681	0.0497265042267529	22.2277473893585	0.0497265042267529	0.447538538040776	1.24316260566882	0.34808552958727	0.795624067628046	1.64097463948284	0.248632521133764	0.248632521133764	11.3376429636997		8.30432620586773	2011	0.522439436253816	Dorsomedial nucleus of the hypothalamus
C185-37	15.0889679715303	11.9572953736655	5.55160142348754	1.20996441281139	19.0035587188612	0.0711743772241993	18.7900355871886		0.854092526690392	0.925266903914591	0.427046263345196	2.34875444839858	2.34875444839858	0.142348754448399	0.142348754448399	13.8790035587189	1.20996441281139	6.04982206405694	1405	0.365006170033123	Dorsomedial nucleus of the hypothalamus
C185-38	13.1184407796102	21.8890554722639	9.40779610194903	1.19940029985008	19.7901049475262	0.112443778110945	10.5697151424288	0.0374812593703148	0.299850074962519	0.112443778110945	0.487256371814093	0.299850074962519	1.38680659670165		0.224887556221889	18.9655172413793	0.149925037481259	1.94902548725637	2668	0.693122036760408	Ventromedial hypothalamic nucleus
C185-39	5.88235294117647	17.6470588235294	14.027149321267		12.6696832579186	0.452488687782806	22.6244343891403		0.452488687782806			13.1221719457014	0.904977375565611			12.2171945701357			221	0.057413781905566	Arcuate hypothalamic nucleus
C185-4	6.42479213907785	1.39833711262283	0.944822373393802	2.7588813303099	35.7142857142857	24.3008314436886	1.8896447467876	0.18896447467876	0.869236583522298	1.70068027210884	0.793650793650794	0.0755857898715042	3.96825396825397	0.151171579743008	3.06122448979592	15.5328798185941		0.226757369614512	2646	0.687406637656686	(Pre)Mammillary region
C185-40	2.65957446808511	68.0186170212766	2.46010638297872	1.52925531914894	0.598404255319149	0.332446808510638	0.598404255319149	20.4122340425532		0.997340425531915	0.199468085106383	0.132978723404255	0.265957446808511	0.132978723404255	0.598404255319149	0.531914893617021		0.531914893617021	1504	0.39072546599987	Ventromedial hypothalamic nucleus
C185-41	10.5415162454874	10.0361010830325	5.34296028880867	2.8158844765343	19.2418772563177	1.66064981949459	10.6859205776173		0.324909747292419	6.89530685920578	3.53790613718412	0.72202166064982	5.05415162454874	0.36101083032491	2.59927797833935	19.0252707581227	0.108303249097473	1.04693140794224	2770	0.719620705332208	Ventromedial hypothalamic nucleus
C185-42	3.99201596806387	0.465735196274118	2.26214238190286	10.9115103127079	4.99001996007984	0.133067198935462	0.598802395209581		0.0665335994677312	0.931470392548237	42.1823020625416	0.864936793080506	22.3552894211577	0.332667997338656	0.731869594145043	2.46174318030606	0.133067198935462	6.58682634730539	1503	0.390465675131519	Medial preoptic area
C185-43	10.8108108108108	15.3716216216216	17.5675675675676	1.52027027027027	17.0608108108108	0.675675675675676	15.7094594594595	0.506756756756757	0.675675675675676	0.337837837837838	0.506756756756757	0.675675675675676	3.04054054054054	0.337837837837838		14.3581081081081		0.844594594594595	592	0.153796194063779	Lateral hypothalamic area
C185-44	10.4619565217391	19.0217391304348	6.25	0.407608695652174	20.9239130434783	0.679347826086957	24.4565217391304		0.135869565217391	0.679347826086957	0.951086956521739	0.543478260869565	1.90217391304348	1.22282608695652		12.0923913043478		0.271739130434783	736	0.191206079106319	Arcuate hypothalamic nucleus
C185-45	7.7079107505071	11.9675456389452	2.83975659229209	6.49087221095335	18.6612576064909	5.0709939148073	10.5476673427992	0.608519269776876	0.202839756592292	3.65111561866126	1.01419878296146	0.811359026369168	3.24543610547667		1.41987829614604	25.5578093306288	0.202839756592292		493	0.128076898097032	Arcuate hypothalamic nucleus
C185-46	9.72404730617608	12.4835742444152	8.8042049934297	0.788436268068331	13.2720105124836	0.131406044678055	21.2877792378449	0.26281208935611	0.131406044678055	2.36530880420499	8.93561103810775	1.57687253613666	3.94218134034166	0.525624178712221	0.26281208935611	13.5348226018397		1.97109067017083	761	0.197700850815094	Arcuate hypothalamic nucleus
C185-47	6.01173020527859	15.8357771260997		1.02639296187683	6.89149560117302	0.293255131964809	5.27859237536657	0.439882697947214	0.293255131964809	28.5923753665689	0.586510263929619	0.439882697947214	6.3049853372434		13.9296187683284	14.0762463343109			682	0.177177372215367	Lateral hypothalamic area
C185-48	8.40108401084011	17.6151761517615	26.8292682926829	1.51761517615176	10.5149051490515	0.10840108401084	20.5420054200542	0.21680216802168	0.758807588075881		0.10840108401084	0.704607046070461	0.813008130081301	0.650406504065041		10.4065040650406		0.813008130081301	1845	0.479314152107553	Arcuate hypothalamic nucleus
C185-49	7.12377560106857	6.94568121104185	28.5841495992876	2.31522707034728	22.7070347284061	5.25378450578807	7.12377560106857		0.890471950133571		0.356188780053428	2.40427426536064	0.890471950133571			15.1380231522707		0.267141585040071	1123	0.291745145158148	Arcuate hypothalamic nucleus
C185-5	6.06896551724138	0.689655172413793	1.10344827586207	2.75862068965517	45.5172413793104	22.4827586206897	0.827586206896552	0.275862068965517	1.37931034482759		0.689655172413793		2.3448275862069		0.551724137931035	15.0344827586207		0.275862068965517	725	0.188348379554459	(Pre)Mammillary region
C185-50	6.04623592175459	13.9300533491405	26.4967397747481	0.889152341434499	15.8861885002964	0.889152341434499	18.4350918790753	0.1185536455246	0.711321873147599			0.889152341434499	0.829875518672199	0.711321873147599		13.2187314759929		0.948429164196799	1687	0.438267194908099	Arcuate hypothalamic nucleus
C185-51	8.18739054290718	15.3677758318739	30.4290718038529	3.10858143607706	16.0683012259194	2.18914185639229	5.60420315236427	0.218914185639229	1.48861646234676		0.262697022767075	2.88966725043783	0.481611208406305	1.13835376532399		12.4781085814361		0.0875656742556918	2284	0.593362343313633	Arcuate hypothalamic nucleus
C185-52	6.86333534015653	4.15412402167369	21.1318482841662	1.62552679108971	28.5370258880193	12.2215532811559	5.41842263696568	0.0602046959662854	0.541842263696568	0.180614087898856	0.903070439494281	2.0469596628537	1.44491270319085	0.120409391932571		14.5093317278748		0.240818783865142	1661	0.431512632330974	Arcuate hypothalamic nucleus
C185-53	14.6110056925996	14.3580012650221	3.6685641998735	2.78304870335231	16.3187855787476		15.2435167615433	0.822264389626819	2.1505376344086	1.20177103099304	0.885515496521189	0.0632511068943707	10.6894370651486	1.32827324478178	0.189753320683112	7.14737507906388		8.53889943074004	1581	0.410729362862895	Paraventricular hypothalamic nucleus
C185-54	13.2911392405063	7.38396624472574	0.421940928270042	5.48523206751055	14.1350210970464		9.49367088607595	0.632911392405063	4.85232067510549	0.421940928270042	0.210970464135021	0.210970464135021	16.8776371308017	2.53164556962025	1.26582278481013	13.0801687763713		9.70464135021097	474	0.123140871598363	Paraventricular hypothalamic nucleus
C185-55	2.80898876404494	3.65168539325843	0.280898876404494	1.12359550561798						0.280898876404494		3.08988764044944	3.37078651685393		0.842696629213483	0.842696629213483		83.7078651685393	356	0.092485549132948	
C185-56	8.50439882697947	20.9677419354839	5.13196480938416	2.19941348973607	6.01173020527859	0.879765395894428	3.95894428152493	5.27859237536657	0.293255131964809	18.3284457478006		0.293255131964809	2.34604105571848		7.77126099706745	18.0351906158358			682	0.177177372215367	Lateral hypothalamic area
C185-57	0.195822454308094	0.0652741514360313	0.130548302872063	3.39425587467363	32.0496083550914	60.9007832898172		0.391644908616188	0.587467362924282	0.130548302872063	0.261096605744125	0.130548302872063	0.391644908616188		0.130548302872063	1.2402088772846			1532	0.397999610313698	(Pre)Mammillary region
C185-58	2.44215938303342	0.06426735218509	0.06426735218509	3.02056555269923	33.2262210796915	51.8637532133676	0.12853470437018	0.83547557840617	0.89974293059126	2.18508997429306	0.12853470437018	0.12853470437018	1.02827763496144		0.6426735218509	3.34190231362468			1556	0.404234591154121	(Pre)Mammillary region
C185-59	0.511152416356877		0.0464684014869888	1.20817843866171	34.2007434944238	61.8494423791822		0.511152416356877	0.604089219330855		0.139405204460967	0.0929368029739777	0.371747211895911			0.4182156133829		0.0464684014869888	2152	0.559069948691304	(Pre)Mammillary region
C185-6	7.36543909348442		0.28328611898017	0.84985835694051	52.1246458923513	15.5807365439094	0.28328611898017		0.84985835694051	3.39943342776204	0.84985835694051	0.28328611898017	1.69971671388102		1.41643059490085	15.014164305949			353	0.091706176527895	(Pre)Mammillary region
C185-60	0.249169435215947			6.56146179401993	31.5614617940199	58.8870431893688		1.32890365448505	0.664451827242525				0.415282392026578		0.0830564784053156	0.166112956810631		0.0830564784053156	1204	0.312788205494577	(Pre)Mammillary region
C185-61	0.813008130081301	0.2710027100271		0.2710027100271	43.3604336043361	47.9674796747968	0.2710027100271				0.542005420054201		0.2710027100271			6.23306233062331			369	0.0958628304215107	(Pre)Mammillary region
C185-62	3.27868852459016	1.63934426229508	8.19672131147541	11.4754098360656	6.55737704918033		4.91803278688525		1.63934426229508		8.19672131147541	1.63934426229508	34.4262295081967					18.0327868852459	61	0.0158472429694096	
C185-63	5.38393645189762	0.661959399823478	1.94174757281553	3.13327449249779	9.39982347749338		0.220653133274493		0.838481906443071	0.0441306266548985	18.3583406884378	25.7722859664607	11.0767872903795	0.661959399823478	0.30891438658429	2.78022947925861	2.03000882612533	17.38746690203	2266	0.588686107683315	
C185-64	15.5874369910818	0.465296626599457	0.0775494377665762	3.21830166731291	6.90189996122528	0.271423032183017	0.232648313299729		0.155098875533152	13.726250484684	3.21830166731291	0.19387359441644	15.6262117099651	0.853043815432338	13.2997285769678	21.5587436991082	0.310197751066305	4.30399379604498	2579	0.670000649477171	Zona incerta
C185-65	8.26946349334409	4.35659540137152	0.605082694634934	4.31625655506253	4.47761194029851	0.443727309398951	0.685760387252925	0.0403388463089956	0.403388463089956	3.59015732150061	18.555869302138	20.3307785397338	7.86607503025413	0.322710770471965	2.01694231544978	7.13997579669222	9.56030657523195	7.01895925776523	2479	0.644021562642073	
C185-66	8.72759330002939	2.38025271818983	1.99823684983838	1.7631501616221	14.0758154569498	0.029385836027035	1.2635909491625		0.146929180135175	0.558330884513664	11.4310902145166	15.6038789303556	10.6376726417867	0.35263003232442	5.75962386129885	7.75786071113723	0.528945048486629	16.9850132236262	3403	0.884068324998376	
C185-67	2.87552024214907	0.30268634127885	0.718880060537268	6.92395005675369	2.45932652289065	0.0756715853197125	0.227014755959137		0.378357926598562	0.378357926598562	39.8410896708286	9.34544078698449	21.9825955353765	0.529701097237987	2.98902762012864	2.49716231555051	1.17290957245554	7.30230798335225	2643	0.686627265051634	
C185-68	11.4942528735632	3.90804597701149	0.613026819923372	1.91570881226054	11.0344827586207		1.60919540229885			1.99233716475096	5.13409961685824	2.22222222222222	13.8697318007663	0.153256704980843	11.4176245210728	13.7164750957854	0.459770114942529	20.4597701149425	1305	0.339027083198026	
C185-69	5.66037735849057	2.42587601078167		6.46900269541779	2.42587601078167	0.269541778975741	8.89487870619946		0.269541778975741	1.34770889487871	12.1293800539084	0.269541778975741	29.1105121293801	0.269541778975741	24.7978436657682	5.39083557951483		0.269541778975741	371	0.0963824121582126	Zona incerta
C185-7	9.37007874015748	0.31496062992126	0.866141732283465	1.65354330708661	20.6299212598425	11.6535433070866	0.551181102362205	0.15748031496063	0.15748031496063	21.3385826771654	0.393700787401575		3.7007874015748	0.31496062992126	7.8740157480315	20.7874015748031		0.236220472440945	1270	0.329934402805741	Lateral hypothalamic area
C185-70	1.97628458498024		0.988142292490119	3.16205533596838	1.58102766798419		0.197628458498024		0.197628458498024	0.197628458498024	53.9525691699605	2.37154150197628	27.6679841897233		0.592885375494071	2.17391304347826		4.94071146245059	506	0.131454179385595	Medial preoptic area
C185-71	1.75186674325101		1.03388856978748	1.03388856978748	3.36013785180931			0.0287191269385411	0.459506031016657		1.75186674325101	55.2843193566916	1.34979896611143	0.402067777139575		0.402067777139575	16.3411832280299	16.8006892590465	3482	0.904591803598104	Suprachiasmatic nucleus
C185-72	1.69908338922423	0.0149042402563529	1.25940830166182	2.5635293240927	1.91519487294135		0.0372606006408823	0.0223563603845294	0.558909009613235		4.94820776510917	67.8962664878158	1.57984946717341	0.380058126537		0.827185334227588	6.84849839779417	9.44928832252776	13419	3.48613366240177	Suprachiasmatic nucleus
C185-73	1.25588697017268	0.0156985871271586	1.36577708006279	2.02511773940345	2.15070643642072		0.0156985871271586	0.141287284144427	0.863422291993721	0.0156985871271586	3.84615384615385	56.9230769230769	1.7425431711146	0.470957613814757	0.0156985871271586	0.43956043956044	6.38932496075353	22.3233908948195	6370	1.65486783139573	Suprachiasmatic nucleus
C185-74	10.2867277564292	10.0798108187999	1.92137156370086	0.886786875554242	15.4300916346438	0.0295595625184747	11.4986698196867	0.0295595625184747	0.0591191250369495	2.36476500147798	4.87732781554833	9.78421519361513	8.24711794265445	0.118238250073899	2.6899201891812	11.3804315696128	0.384274312740172	9.93201300620751	3383	0.878872507631357	
C185-75	11.1946902654867	7.52212389380531	2.56637168141593	0.619469026548673	18.4070796460177		6.85840707964602		0.176991150442478	3.58407079646018	2.78761061946903	9.51327433628319	5.61946902654867	0.176991150442478	4.24778761061947	17.8318584070796	0.752212389380531	8.14159292035398	2260	0.587127362473209	
C185-76	12.2743682310469	1.80505415162455	17.6895306859206	4.69314079422383	9.38628158844765		1.44404332129964	1.44404332129964		1.44404332129964	1.44404332129964	12.6353790613718	4.69314079422383		1.44404332129964	18.4115523465704		11.1913357400722	277	0.0719620705332208	Anterior hypothalamic nucleus
C185-77	10.5853051058531	3.36239103362391	3.67372353673724	1.55666251556663	13.8231631382316	0.12453300124533	3.17559153175592		0.12453300124533	2.4906600249066	3.86052303860523	19.3648816936488	4.42092154420922	0.37359900373599	0.809464508094645	17.4346201743462	1.12079701120797	13.6986301369863	1606	0.41722413457167	
C185-78	3.77245508982036	0.538922155688623	0.838323353293413	0.239520958083832	0.419161676646707		0.179640718562874				5.44910179640719	33.7125748502994	0.119760479041916		0.0598802395209581	0.718562874251497	51.1377245508982	2.81437125748503	1670	0.433850750146132	Suprachiasmatic nucleus
C185-79	1.64988215127491	0.0214270409256482	0.857081637025927	2.18555817441611	2.80694236125991		0.0857081637025927	0.0428540818512963	0.407113777587315		2.44268266552389	62.5026783801157	1.54274694664667	0.0857081637025927	0.0214270409256482	0.921362759802871	13.949003642597	10.477823012642	4667	1.21244398259401	Suprachiasmatic nucleus
C185-8	8.40534171249018	0.157109190887667	0.471327572663001	3.92772977219167	23.1736056559309	13.1186174391202	0.0785545954438335	0.0785545954438335	0.0785545954438335	2.1209740769835	1.09976433621367	12.5687352710134	3.77062058130401	1.33542812254517	2.98507462686567	26.3157894736842		0.314218381775334	1273	0.330713775410794	(Pre)Mammillary region
C185-80	1.58982511923688	0.158982511923688	0.158982511923688	2.54372019077901	2.22575516693164				0.158982511923688	0.317965023847377	29.093799682035		25.5961844197138		30.0476947535771	3.97456279809221		4.1335453100159	629	0.163408456192765	
C185-81	1.79924242424242	0.946969696969697	0.284090909090909	0.757575757575758	0.284090909090909		0.0946969696969697				2.46212121212121	89.1098484848485	1.23106060606061		0.378787878787879	1.89393939393939	0.473484848484849	0.284090909090909	1056	0.274339156978632	
C185-82	6.32707774798928	14.3699731903485	24.5576407506702	2.09115281501341	15.8176943699732	6.4343163538874	10.6166219839142	0.214477211796247	1.23324396782842	0.0536193029490617	0.428954423592493	2.19839142091153	1.01876675603217	1.17962466487936	0.107238605898123	12.4932975871314	0.0536193029490617	0.804289544235925	1865	0.484509969474573	Periventricular hypothalamic nucleus, posterior part
C185-83	7.87530762920427	17.8835110746514	3.28137817883511	1.02543068088597	16.8580803937654	4.96308449548811	32.4446267432322	0.246103363412633	0.410172272354389	1.02543068088597	0.451189499589828	0.943396226415094	1.88679245283019	0.0820344544708778	0.410172272354389	9.72108285479901	0.123051681706317	0.36915504511895	2438	0.633370137039683	Arcuate hypothalamic nucleus
C185-84	11.7977528089888	7.49063670411985	0.561797752808989	0.936329588014981	34.2696629213483	5.99250936329588	18.5393258426966		1.21722846441948	3.27715355805243	0.280898876404494	0.0936329588014981	1.77902621722846	0.187265917602996	0.280898876404494	13.2022471910112		0.0936329588014981	1068	0.277456647398844	Arcuate hypothalamic nucleus
C185-85	7.49796251018745	11.6544417277914	11.2469437652812	1.14099429502853	24.6943765281174	5.37897310513447	20.1303993480033	0.244498777506112	0.6519967400163	0.570497147514263	0.32599837000815	0.570497147514263	2.03748981255094	0.162999185004075	0.162999185004075	13.2844335778321		0.244498777506112	1227	0.318763395466649	
C185-86	10.721123165284	1.85067007019783	2.4888321633695	1.46777281429483	30.6955966815571	1.02105934907467	2.42501595405233	0.446713465220166	0.255264837268666	11.1678366305041	0.638162093171666	0.382897255902999	6.44543714103382	0.701978302488832	5.04148053605616	23.8034460753031		0.446713465220166	1567	0.407092290705982	Lateral hypothalamic area
C185-87	11.0552763819095	4.02010050251256			29.1457286432161	4.02010050251256	10.8040201005025			10.5527638190955	1.00502512562814	0.50251256281407	3.51758793969849	0.50251256281407	4.77386934673367	19.8492462311558		0.251256281407035	398	0.103396765603689	Lateral hypothalamic area
C185-88	6.83856502242153	0.560538116591928	11.6031390134529	3.69955156950673	33.9686098654709	24.3834080717489	0.39237668161435	0.168161434977579	0.7847533632287	0.39237668161435	0.0560538116591928	3.08295964125561	0.952914798206278	0.7847533632287	0.168161434977579	12.0515695067265		0.112107623318386	1784	0.463466909138144	Periventricular hypothalamic nucleus, posterior part
C185-89	7.82997762863535	4.69798657718121	11.5212527964206	1.78970917225951	28.076062639821	13.8702460850112	4.25055928411633	1.00671140939597	0.894854586129754	1.45413870246085	0.782997762863535	3.13199105145414	2.57270693512304	0.671140939597315	0.782997762863535	16.4429530201342		0.223713646532438	894	0.232253036305774	Periventricular hypothalamic nucleus, posterior part
C185-9	12.8150134048257	0.268096514745308	0.32171581769437	1.98391420911528	18.4450402144772	5.95174262734584	0.589812332439678		0.268096514745308	12.7077747989276	2.19839142091153	0.107238605898123	9.27613941018767	0.697050938337802	7.93565683646113	25.6300268096515		0.804289544235925	1865	0.484509969474573	
C185-90	11.1724137931034	4.96551724137931	7.72413793103448	1.6551724137931	28.9655172413793	10.3448275862069	3.17241379310345	0.275862068965517	0.275862068965517	5.24137931034483	0.275862068965517	1.10344827586207	2.62068965517241	0.137931034482759	2.75862068965517	18.8965517241379		0.413793103448276	725	0.188348379554459	(Pre)Mammillary region
C185-91	11.6990291262136	1.50485436893204	3.59223300970874	8.88349514563107	13.7864077669903	0.58252427184466	3.20388349514563	0.436893203883495	0.728155339805825	3.00970873786408	10.9708737864078	0.679611650485437	11.4077669902913	0.87378640776699	0.679611650485437	21.2135922330097	0.194174757281553	6.55339805825243	2060	0.535169188803014	Anterior hypothalamic nucleus
C185-92	15.2313624678663	7.90488431876607	2.31362467866324	0.57840616966581	18.5089974293059	0.25706940874036	19.9228791773779		0.12853470437018	5.01285347043702	0.89974293059126	0.32133676092545	6.29820051413882	0.12853470437018	1.99228791773779	19.4087403598972		1.09254498714653	1556	0.404234591154121	
C185-93	12.751677852349	11.4093959731544	2.28187919463087		24.6979865771812	1.34228187919463	25.9060402684564	1.61073825503356		4.02684563758389	0.134228187919463	0.268456375838926	0.939597315436242		0.536912751677852	13.8255033557047		0.268456375838926	745	0.193544196921478	Dorsomedial nucleus of the hypothalamus
C185-94	10.6299212598425	2.85433070866142	0.984251968503937	0.885826771653543	15.4527559055118	0.590551181102362	5.80708661417323	0.196850393700787	0.147637795275591	17.5196850393701	0.442913385826772	0.0984251968503937	7.8248031496063	0.196850393700787	18.4055118110236	17.7657480314961		0.196850393700787	2032	0.527895044489186	Lateral hypothalamic area
C185-95	11.4427860696517	5.80431177446103	3.48258706467662	2.1558872305141	17.2470978441128	0.33167495854063	10.2819237147595	0.829187396351576		15.5887230514096	0.497512437810945	0.829187396351576	4.80928689883914		9.95024875621891	15.257048092869		1.49253731343284	603	0.156653893615639	Lateral hypothalamic area
C185-96	10.5633802816901	1.23239436619718	12.8961267605634	8.14260563380282	26.3204225352113	3.82922535211268	0.39612676056338	1.76056338028169	0.96830985915493	2.06866197183099	0.0880281690140845	1.32042253521127	3.91725352112676	2.59683098591549	0.616197183098592	23.1954225352113		0.0880281690140845	2272	0.590244852893421	Arcuate hypothalamic nucleus
C185-97	11.1813013265951	1.70562223626027	1.89513581806696	2.96904611497157	13.7081490840177	4.04295641187618	2.59001895135818	0.0631711939355654	0.189513581806696	6.7593177511055	14.5925457991156	0.82122552116235	9.8547062539482	0.0631711939355654	6.7593177511055	20.5938092229943		2.21099178774479	1583	0.411248944599597	
C185-98	9.22818791946309	1.51006711409396	11.0738255033557	5.2013422818792	27.3489932885906	11.744966442953	1.67785234899329	0.503355704697987	1.00671140939597	0.335570469798658	1.1744966442953	0.671140939597315	4.36241610738255	3.02013422818792	0.335570469798658	20.1342281879195		0.671140939597315	596	0.154835357537183	Periventricular hypothalamic nucleus, posterior part
C185-99	13.8287864534337	1.03480714957667	0.188146754468485	2.72812793979304	9.50141110065851	0.470366886171214	2.53998118532455	0.0940733772342427	0.0940733772342427	7.61994355597366	4.79774223894638	0.470366886171214	17.4035747883349	0.940733772342427	9.78363123236124	27.4694261523989		1.03480714957667	1063	0.276157693057089	Lateral hypothalamic area
